1021001010444
1132001069055
1104001042684
2104001014968
1121001032550
1126001035357
1121001005907
2108002020064
1118001057162
1015001015876
1132001023848
1112001023730
1112001027513
1004001034329
2003002017200
3003002003323
1121001011647
1107001017304
2105003025605
1015001004920
3017002016907
1129001047389
2109003009450
3019002005376
3019002005376
1012001033373
3013002017162
1140001049301
1121001023006
1132001013244
3007002011463
1007002026178
1138001053098
1138001033004
1121002034183
1132002061967
1126002030899
1115002032543
1112002004706
2111004016241
1121002056974
1109002004640
1109002004640
1135002041508
1107002019428
2107004002817
2113005018653
1126002061319
1009002013467
1121002046259
1115002014466
2114005019215
2103005002746
1132002070223
1015002006949
3017003015911
1009002041345
3009003011227
1107002009810
2105006018757
1112002052453
1112003055385
2113006022136
1112002052453
1112003055385
2109006009754
1109003013395
2107006025224
1107003041516
1115003048534
1123003046299
1132003040258
1135003067050
1135003067050
1104003042544
2104007017891
1007003045309
1115003016166
2114007018578
1107003032808
2107007016241
2107007016137
2112007005197
1126003064362
1107003015772
2105007027199
1121003016142
1115003024478
1118003025845
1112003027393
2112007015668
2112007015601
2103008015285
1121003007380
1121003007380
1004003025210
1109003040575
1132003018211
1007003011638
3007004002568
1012003013454
3013004008181
2103008006168
1007003031997
1018003041054
3017004007544
1132003008965
1138003039046
1104003018664
2103008015669
1126003035226
1001004020931
2001009012489
3015005001277
1015004015337
1004004031661
2003009013917
1115004001937
1107004016273
2107009000110
2105009025176
2107009000110
2105009025176
2101009018905
2000009020878
1001004016685
2001009007115
1118004046113
1143003024256
2103010018268
1140003065614
1140003075280
2102010003620
1109004030686
1138004011029
2104011026543
1123004026500
1112046002638
2111119019125
1146033034716
1143035048290
1112046044924
2113118004994
2115117031805
1143035010777
1101047076794
1001047040632
2127108019009
1118045048583
2118116018751
1104047022585
1123044007655
2123113005026
1112047047885
2113119008951
1126043005328
2125111019205
1146034034030
1146033035090
1146034034030
1146033035090
1152030008444
1160025041452
2129108001260
1149032018227
2117118000598
2116118028742
2117118000598
2116118028742
1129042027177
2129108005561
1012047065353
3013065050122
2126111010629
1104048008710
1104048017048
1135040020060
2115119008582
1101048054692
1152030056877
1152030056877
1004048007805
1118046046067
2118117012649
1135040027054
1121045010809
2120117019650
1138039055434
1001048075042
3011066013870
1135040043488
1104048034707
1138039041311
2125113021846
3011066037381
1132041030288
1112047031602
2112122020560
1118046010351
2117119001179
1118046014701
2117119005855
1126044011087
2125113027449
1126044011087
2125113027449
1009048005065
3011066023297
1160025023723
1143036015467
1135040017943
1009048050876
3009067013066
1129043052851
1109048053564
2111124000999
1109048041664
2110124014956
1012048070445
3011067012889
1112048036734
2112123025681
1121046024832
2121118008699
1001049061140
1123045006432
1132042044146
1109048014045
2109125010981
1112048016969
2112124004910
1166021052529
1004049001412
3005068008457
1107049059941
1101049002007
2124116012660
1104049066444
1115048049207
2116122003680
2121119006488
1104049025428
1107049038531
2116122008172
2116123007643
2116122008172
2116123007643
2109126015708
2111125010157
1012049034952
3013067030333
1118047043615
2118121011127
1115048059804
2116123013608
1152031034277
1021047087304
3019065001532
1107049049669
1163023053361
2115123013710
2120121011933
1021047020484
3021065005798
1132043017606
1109049031449
2110126005307
1018048096925
3017067027298
1007049042960
3007069019035
1138040013233
2111127022738
2111126019189
2111127022738
2111126019189
1101050034457
1115048001316
2114125001954
1109050012181
2109127009232
1126045038258
1121047053086
2122120017033
1126045047529
2121121004531
1107050051221
2108128007523
2108128007495
2113126001794
2113126001779
1160026047079
1118048012036
2117123004176
1129044012836
1132043014636
1140039020683
1007050050327
3007070021755
1149034024917
1140039004070
2116125022815
1007050063798
3005070002803
1129044022095
1009050005707
3011069017854
1149034047743
1152032019201
1121048017841
2121122001905
1004051029728
3005070019565
1015049064731
3015068028444
3015069026772
3015068028444
3015069026772
1140039039681
1138041048529
1123047024591
2123121025535
2123121025395
1163024014833
1129045045821
1112050041862
2113128006458
1121048037328
2121123021343
2109130015651
1152032048353
1135042051978
1107050012712
1115049040846
2115127022514
1121048022799
2121123007363
2115127009346
1143038046384
1101051023029
2116127018235
2125120025620
1115050035841
2115127015680
2115128007218
1140040036691
1121048016831
2121124001075
1115050001732
2114129002552
1101051054022
1129045056036
1129046053879
1129045056036
1129046053879
1163024048756
1138042044067
1163024045291
2122124005886
1118050007884
2116128028893
1101052032558
1129046023268
1123048029589
1115050031117
2115129012159
1112051021828
2112131012396
2112131012465
1104052017888
1149035038362
1004052063049
3003072012696
1112051051323
2113131022755
1007051014157
3007072002717
1152033020061
2111132014261
1129046043767
1018050060429
3017070011553
2107134009844
2107134015219
1115050007743
2114131012063
1143039011935
1169020037836
1101052028006
1166023006776
1146037016786
1007052011018
3007072001290
1140041048238
1018050003948
3019069011885
1146037014041
1152033023466
1123048060540
1126048015906
2117130011595
1107052037913
2107135018419
1107052030346
2107135010427
1107052030346
2107135010427
1001053040929
3001073010990
2120128009116
1012052024812
3013072018342
1107052013286
2105135021757
1143039048645
2123126010260
1121050055831
2122127015077
1112052039241
2113133008120
1107052013123
2105136018809
1012052046886
1101053039557
2108136012820
2108136012820
2108136012820
1109052025525
2109135023309
1129047059399
1149036049876
1126048045274
1101053038116
2107137003278
1152034008923
1123049037680
2124126012150
1143040049448
1118051046749
2118131022258
2117132013047
3001074005867
1109053044638
2110136021963
1001053017686
1132046021852
1160028022683
2123128011864
1015052022854
3015073002188
1121051004558
2120131012372
1160028037602
1126049058745
1007053003747
3009074023377
1015052022270
3015073001975
2118132021099
2107139018606
1018052067826
3017072011995
1143040018449
1109053046934
2110137026519
1143040016223
1129048019658
1140042049779
1123050034881
2124128011296
1140042023192
1135045055744
1001054001260
1112053019163
2112137009422
2122130026747
3015074007819
2114136008096
1118052043535
2118133022262
1115053030749
2115135013121
1129048015215
1109054004578
2109139000950
1118052014108
2122131021609
1123050021389
1138044040756
1135045040252
1169021029525
1012054014232
3013074015035
2108140008821
1115053025637
2115136005405
1140042024444
1009054036387
1001055018174
1015053015118
3017073032359
3017074031966
3017073032359
3017074031966
2114138002619
2118135018395
1018053040254
3019073030276
1126050016535
2108141005066
1135046044221
1109055006421
2109141003185
3013075007093
1109055014167
2109141013271
1163026003185
1107055045261
2108141005852
1109055042794
2110141022871
1001055016429
3003077021091
1101055048328
2101143018440
1121052047610
2103142009094
1104055045913
1007055036822
3007077014870
1157031000688
1155033045945
1157031000688
1155033045945
1004055010456
1121052029414
2121134014525
1012055014899
1001055006110
2110141008201
1129049055792
2110141007538
1129049001005
1166024008466
1109055042572
2110141022627
2114139009786
1138045049294
1001056054773
3001078019296
1001056054773
3001078019296
1129049005198
1135046002440
1118053030723
2118137001759
1152035035395
1107055028181
2107143010559
1121053005068
2120136011539
1007055021764
3007077007241
1157031039486
1143042010053
1143042008423
1143042031821
1129049014724
1118054000818
2116139016719
2114140013738
1121053012890
2120137027976
2116139014566
1129050044217
1015054025686
3015076015469
1101056035480
1118054022684
2117139019328
1009056039566
1118054050380
2118138024066
1138045049784
2105145002829
1015054038338
3015076023847
1146040051964
1129050009585
1126051006117
1118054022817
2117139019460
1001056004924
3003079020440
1107056011231
2105145017151
1007056003457
3009078024053
1015055015547
3015076004256
1146040017448
1140044024955
1109056053564
2111144005927
1012056050609
3011078014430
1138046021614
1109056008067
2109145006175
2104146020896
1107056034350
2107146022968
1155034036105
1107056030679
2107146018742
3009078025277
1101057042053
1160029032399
1160030032562
1160029032399
1160030032562
3003079010085
1104057019672
2103147011637
1123053007568
1123053007568
1132049023289
1135047015624
1138046047276
1115055017530
2114143024259
1140044007915
1109057044724
2110145023425
1140044004150
1001057005170
3003080018677
1155034015804
1101057043109
1135047028471
2112145021345
1132049047564
2110146013573
1132049040237
1112056012804
2112145000062
1138046055295
1138046040399
1118055028969
2109147006481
1004057011284
3005080013455
1004057052386
3003080013025
1121054007915
1107057012375
2105148021790
1115056023969
1118055030178
1121054037330
1121054037330
1135048005455
1001058022873
1132050015195
1118055031567
1138046029538
2138118005809
1140045009749
1107057011702
2105148020872
2101149011861
1121055029665
1140045025692
2111147002800
2108148012770
1018056025675
3019077022844
1143043018749
1123053013464
1157032052542
1109058031535
2110148005383
1012057038551
3013079026824
1101058010722
2100150011831
1115056043074
1157032020083
2102150002810
1132050015314
1123054030820
1152037013684
2107150009736
2107150009675
1152037013148
1121055027025
1121055027025
2103150000852
1112057040846
2113147010848
2114146009573
1132050017957
1149039039364
1118056033032
1166025049236
1132050048062
1007058038208
3007081014782
1140045030603
1149039046051
1149040044494
1149039046051
1149040044494
1118056033002
2100152022709
1118056003495
2116146022468
1135049037106
2104151017061
2107151012053
1132051039346
1126053009398
1138047006477
2114148020862
1109058031152
2110150005154
1123054023825
1007058002233
1149040027968
1140046003952
1101059014853
2100152017341
1126053008529
1132051025283
1109059018641
2109151019068
1129052001787
1107059003205
2105152008950
1129052035987
1118057028053
1115057008409
2114148011838
1112058026945
1138048044174
1112058039224
2113149006943
1115057039761
2107152015884
1132051025933
1132051013891
1140046015553
1007059004830
1129052024501
2105153011508
1152038042250
1112059013429
2112151002161
1118057023820
1004060016548
3005083011377
1129053043029
1143044010977
1132051036660
1009059060187
1001060022535
3001083001455
2108153015341
1126054029329
1104060015293
2103154009584
2103154009625
1146042032960
1123055010058
2113151016910
1004060005049
3005083006224
1107059004441
2105154011119
1001060037441
2001155028072
3001083007369
3011082022390
1138048038230
1129053044121
1101060015552
2100155020187
2100155020260
1126054041751
1126054037247
1129053004309
1118058006377
1109060004970
2109154001636
1004060005722
1123055051529
1123055022913
1135050012825
1129053046071
1118058002084
2100156012243
1129053042223
1129053050085
2129137009482
1001060001168
1007060015552
3007084003791
1138049028781
1007060041893
3007084015664
1001061023422
2001157013084
1126055042790
3013083023704
1140047045123
2101157003854
1001061014821
2001157002055
1135050049805
2001157022947
1101061010171
2100157010771
1004061026477
3005085013916
1126055032068
2114153013191
1001061049578
2000158017942
1107060019615
2107157004445
1166027031288
1166026035560
1166027031288
1166026035560
1152039016683
1012060020091
3013083014335
1118059010130
1118059010130
1135051010091
1004061039467
3003085004268
1129054039899
1012060018699
3013083013430
1123056037642
1004061024452
2004158024893
3005085014879
2109156019540
2112155017145
1009061002572
1109061010282
2109157007950
1109061010282
2109157007950
2110156015097
1001061033635
2001158022982
2001159022857
2001158022982
2001159022857
1004061017656
2004158017638
3005085012053
1143046019921
1021058053436
3021080027789
1004061005260
2004158000995
3005085006151
1123057021006
1123057021006
1132053013186
2001159023073
1118059020168
1123057012048
2108158011952
1135051014305
1115060012002
2114154013593
2109157002736
1135051034503
1009061025377
3009085000731
2107158014331
1018059020413
3019082019739
1135051008714
1129054013653
1004062019802
1007061058174
1109061031126
2110157011090
1135051053965
1123057025124
1135051046412
1138050008593
1132053054723
1115060016444
2114155017044
2113156004121
1112061038702
2113156003849
3015084017165
1143046021735
1115060028025
1004062008974
3005087008520
1126056046744
2128142008203
1121059050445
2105160017466
1123057052159
1140048009287
1004062025089
3005087019341
2100161017179
2100161017221
1126056009846
2105160021635
1107062009099
2105160018671
1004062032391
1123057045703
1112061008608
2111158024247
1118060014874
2117154006109
1121059032602
1112061018448
2112158006092
1112061048032
2113157015305
1129055037586
2129141014603
1160032032886
1143046056857
1143047056288
1143046056857
1143047056288
1115061029130
1152040017491
1123058020243
1132054034902
1101063014485
2100162017608
1109062049965
2111159001896
1140048036962
1140049034426
1140048036962
1140049034426
1104063023846
2103161019899
2103162020724
2103161019899
2103162020724
1109062045789
2110160025562
1146044016735
1146044011098
1123058039221
2105161021179
1146044013767
1118060029824
1126057029991
1012062037490
3013086024395
1123058053485
1023058046110
3023081018336
1115061047214
1112062033026
2112160023333
1112062022652
2112160011048
1118061050580
1112062009751
2111160024609
1112062007621
2111161022729
1021060051200
3021083027535
1112062003322
2111161016864
1004063011643
2004163008322
3005088008940
3017085004074
1101063024241
2101164002882
1021060055879
1004063025317
2004163023398
3005088015854
1109063006257
2109162002907
2104163020827
2003163004742
3005088017276
2112160018359
1107063024203
2107163011416
1140049009621
1018061004318
3019084012826
1101063025765
2101164005114
1146045049646
1101063055300
2102164014890
1015061010045
3017085029046
1132055020016
2103164001737
1155038017428
1101063034923
2101164017210
1123059025690
1152040048912
1146045004035
1146045004035
1109063002389
2108163023249
1109063012015
2109163009923
1123059054354
1123059033344
1123059001034
1121060027293
2104164011529
1107063045396
2108163010133
1101064048384
2102165004154
2108163008999
1109063030896
2110162005281
2110163005421
2110162005281
2110163005421
1004064027387
2004165026224
1107063010621
2105164021540
1129056041027
1001064011520
2002165027624
1018061015787
3019085040235
1121060041497
1109063023615
2109163023672
1132055018815
1026058051234
3025081006552
1118061009467
1104064036514
2104165004937
2103165018372
1146045011191
1112063030455
1126058041537
1123059007238
1112063011852
2111163026680
1007064022991
3007089007964
1023059050188
3023083020477
1123059047301
1132055052042
1135053052501
1115062025636
1007064031748
3007089012519
3023083029937
1009064031894
3009089005121
1135054051381
1015063030814
3015088013443
1104065012826
2103167006828
1115063008946
1115063008946
1009064026299
1101065051036
2102168006645
1115063014324
2000168001537
1007064028584
1112064033896
2102168006353
1104065048541
2104168021672
1107065021195
2107167005766
1004065046249
2003168021863
1004065055913
2002169005825
1001065005796
2002169018019
1123060016536
1118063027539
1018063022437
1115063048469
2005168026802
1118063024796
1004065056354
2002169008083
1115063029333
1149044023091
1009065051076
3009090013905
1138053015026
1138053014557
1146046039162
1146046027664
1146046027664
1118063027014
1132056024829
1129058063101
1129058063101
1129058063101
2105169008580
1109065050586
1109065050846
1149044012901
1012065011285
3013090006485
1118063019504
1126060041805
2004170027277
1118063026902
1135055025609
1104066015691
2103170010131
1163031012807
1104066022291
2103170018528
1143049046371
2003170021780
2003170025722
1140051035876
1126060005417
1112065019821
1112065004491
1126060009678
1001066050594
2000171014633
1152042028652
1001066031862
2001171023549
3015090009562
3015090009562
1123061007763
1143049001851
1012065060644
3011091007173
1018064014649
3019087059949
3019088016800
3019087059949
3019088016800
2102172001710
1115064017090
1009066035530
1135055019020
1009066017703
3011091020289
1007066024699
2007171007100
3007092008307
1112065033804
1109066036815
1109066036815
1109066036815
1001066052323
2000172017466
1123061056190
1132057009021
1004066035512
2003171010889
2003172010039
2003171010889
2003172010039
1138054022428
1123061021262
1009066033728
3009092004398
1129059033237
1166029007974
1112066017104
1118064040882
1132057020910
1121063034115
1140052015486
1001067042981
2000173009145
1012066053369
1112066018319
3009092021261
2103173023102
1152043017816
1126061022928
1123062004679
1163032008318
1132058050952
1129059031787
1004067027216
2004173030390
1135056042150
1109067034284
1107067019376
1123062056325
1007067015705
3007093003319
1109067008184
1109067008184
1149045028817
1109067040597
1126061028505
1101067030052
2101174009641
1112066024220
1115065035577
1115065005642
1115065049265
1160035032446
1112066028706
1104067019726
2103174011374
1104067019726
2103174011374
1107067038557
1112066020773
1004068030961
2003174006853
3005094017649
2104175018488
1123062045048
1126061037307
1004068018750
2004175019844
3005094012947
1107067043711
1107067045190
1104068002006
2102175018916
1138055032869
1132058013734
1146048027574
1015066041506
3015092015690
1138055019224
1104068009652
2103175001832
1007067034627
2007175017947
3007094013280
1126062032952
1126062032952
1140053049350
1112067002843
1104068006422
2102176027697
1015066041767
1104068014610
2103176008221
1129060001452
1129060001452
1129060001452
1112067051979
2105175001237
1129060040373
1135057016118
1107068046512
1146048023167
1138055022508
1101068011232
2100177014293
1126062029530
1135057045368
2005176017167
1152043006675
1118066006801
1129060037736
1140053008858
1104068047934
2104177024115
1112067002846
1126062048767
2004177005986
1123063015671
1143051017752
1021065053372
3021090027975
1101069023628
2101178003618
1112068002976
2002178007741
2005177010131
1101069032065
2101178013775
1107068036353
2107177023768
1132059023439
2105177027827
2102178012733
2100178012945
1112068048461
2105177027853
1009068009329
2010176000711
3011095014916
2107178000906
3011095014618
1001069010846
2002179026584
3003096014612
1121065053479
1146049048280
1101069017788
2100179022945
1001069016485
2001179003987
3003096016550
1109069016773
1143051032529
1021065008428
1135057005607
1115067044852
2005178032017
1101069033861
2101179017083
1129061018830
2100180002331
1115067012741
1129061050608
3015094029096
1135058019694
1126063025868
1135058054288
1018067054368
1107069015486
2105179026416
1140054007567
1132060028801
1135058030905
1123064005735
1146049045839
1101070017617
2100181022424
1107069053106
2108179013309
1140054023175
1129062002405
1138056029751
1104070012110
1146049011295
2007180007649
3007097008352
1112069011676
1140054045095
1135058003226
1126063048191
1138056018389
1001070035567
2001181026906
2101181014684
1109069034679
1004070003450
2005180027800
1146049023805
1021066050707
3021092027172
1018067050573
3017094005398
1115068008609
1152044007489
1152045007767
1152044007489
1152045007767
1169027020712
1118067028408
2003181007741
1123065042199
2002182005568
1121066006996
1143052027574
2010179010984
3011096023135
1129062039755
1101070031493
2101182010628
1007070013461
2008180023363
3007097002874
1132060017010
1157039040637
1112069004480
1126064021995
1115068028629
1132061053469
3021092028718
1135059040959
1143053030633
1118068003205
1107070002833
1146050052662
1132061030617
1132061027161
1138057031163
1004071025800
2004183028396
1132061031510
1149048024642
1132061036591
1107070050013
1004071026493
2004183027436
2003183032418
1023065057380
3023092021749
1015069003044
3017095019607
1126064037619
1018068012333
3019094017231
1018068007658
3019094013287
2004183021081
1132061017464
1004071026291
2004183027590
1126064033165
1121067017696
1149048005143
1143053044426
1107071030991
1152045052580
1143053008425
3017095002794
1115069006548
1129063040441
1012070020235
3013097013012
2004184013307
1007071018684
2007183000962
3007099005895
1104071047911
1015069036204
3015097012677
1118069010871
1115069019370
1143053007269
1157040021807
1004071057101
2002185007565
1146050005065
1018069040413
3017096008296
1143053037645
1007071004054
2008183010636
2008184010775
2008183010636
2008184010775
3009099022882
1115069041476
1004072016560
2004185015650
1101072042947
2101186021558
1121068049701
1109071013846
1004072059297
2002186011023
1109071030899
1129063013295
1007071048878
2005185011784
3007100021377
1007071009893
2008184019134
3007100001334
1015070012607
3017096026988
1140056049436
1152046041116
1146051001222
1112071011607
1115070019613
1118069009889
1146051045765
2001187010859
1112071034323
3021094021160
1107072008443
1112071045725
1007072002847
2008185008518
3009099023324
3009100023593
3009099023324
3009100023593
1121068024100
1126065012273
2001187005063
2103186021171
1009072016611
2010184009315
2009185005546
2001187012836
1112071026115
1009072002175
3011099014367
1121068046936
1018070004782
1018069004492
1018070004782
1018069004492
3019096010296
1126066004742
1109072010193
2012184010058
3013099020083
1123067060756
1118070017025
1115070023941
1112071038024
1012071039704
2012184019530
3013099026076
1126066009489
1101072019262
2100188021770
1118070040455
3009100018914
3009100020361
1132062034310
1009072039080
2009186005957
1015070014451
3017097026014
1123067029157
1109072015913
1135060016111
1126066022534
1146051022413
1146051039596
1160038034749
1018070035568
3017098004034
1138059060832
1129064033179
2012185026537
1109072054945
1118070032638
1104073002114
2102189017969
1021069032273
1107072008193
1135061003942
1101073010680
2100189012511
2004189008319
1146052010121
1121069044812
2011186006560
1004073060014
2002189006403
1140057009191
1160038009884
1129065041190
1129065041190
1132063019526
1012072021249
2013185027090
3013100012563
1023068038190
3023095003782
1012072040720
2012186018035
1149049020510
1107073055834
1129065005775
1121069012954
1115071023532
1129065036966
1140057021973
1143055011328
1152047029322
1138059045496
1166032023369
1104074006028
2102191025081
1018071061913
3017099011643
1021070029534
3021097012669
1109073015558
1121070027764
2010189002726
2010188002673
2010189002726
2010188002673
1143055048992
1109073049663
1107073032826
1126067029510
2012187002325
1132064029822
3021097017563
1126067055065
1018071004631
3019098009962
1109073020163
1004074021751
2004191019365
1107073030448
1135061023796
1132064049033
1143055044197
1129065046812
1115072003401
1132064031559
1023068027120
3025094038680
1132064016846
1132064016846
1004074024844
2004192022265
1118071052821
1126067046871
1126067017853
1101074012835
2100193014071
1115072001361
1101074065169
1109074014524
1152047039250
1123069059359
2003192003913
1126068059303
2100193008919
1001075010582
2002193024009
1135062032871
1129066057384
1126068006397
1129066063260
1001075007163
2002194017656
1129066004637
1109074023866
1121071015619
1104075045755
1135062005261
2014188023826
2009192005722
3009103007915
1121004065260
1118004041206
2104011026530
1009005038666
1135004033489
2000011001562
1001005031826
1004005002658
2108012005121
1140004059352
2108012005728
2104012026731
1101005052271
2102012012703
1132004060774
1004005012397
1126005043450
2111012005436
1021005029037
1121005021424
1121005021086
1101005031767
2101013013102
1004005010434
1140004044903
1001005001217
1009005017517
1009005025188
3009007002471
1018005034990
3017007005011
2111013022025
2111013022047
1132005027396
3023007016792
1001006033558
2000014003052
1129005008091
2117014018951
2109014023764
1104006013214
2103014006728
1126005038806
1118006003561
2116014020283
1101006006333
2100015007469
1001006037939
2000015007417
1101006008824
2100015010470
3015008016632
1015006042923
1001006027948
1132005058340
1004006043403
1101006042817
2102015000838
1001006052272
2000015019368
1115006008856
2114015012065
1109006051023
2111015005285
2109015002299
1107006024490
2107016008746
1007006037800
1118006043156
1012006033807
3013008023444
3013009023196
3013008023444
3013009023196
1009006041060
3009009012005
1143005013133
2114016002513
1015006027201
3015009007146
1015006003627
1118006016691
1107007014705
2105017027368
1026006005913
3027008004571
3011009016532
1121006054798
1115007010880
2114017014289
1135006036940
1132006028560
1121007049166
1007007032672
2104017012132
1107007018351
2107017002301
2107018002476
2107017002301
2107018002476
1112007021755
2112017009099
1107007001495
2105018008729
1143005077361
1126007006403
1126007006403
3021009020393
1021007033063
1126007021839
1015007043547
3015010016791
1123007055019
1138006026644
1132006041910
1109007017094
2109018015460
1107007017052
2107018000984
1107007025164
2107018010925
1109007009520
2109018007268
2105018008173
2101018003222
2101019003389
2101018003222
2101019003389
1021007022865
3021010012558
2116018027993
3027009015772
1026007018807
1021007014597
3021010006421
1132007049887
2114019013933
2101019012089
1101008030792
1004075019286
2004194015545
1112074018488
1129066003244
2003194019153
1118072015449
1155045051674
1115073011213
1146053045443
1101075021646
2100195027069
1012074060339
2011192014503
1115073048166
1121071016810
1146053018981
3015102026431
1021071012438
3021099002461
1107075019457
1152048007974
1132065030035
1140058015164
1140059015403
1140058015164
1140059015403
1112074016055
1152048019543
1009075019432
2010193010929
3011104023922
1109075010452
1126069048663
2001196020071
1115073005428
1146053028877
1135063053023
1109075057824
1157042036906
1126069009391
1107075054210
1001076037153
2001197023891
1007075032486
2007196014099
2007196014040
3007105013461
1101076018932
1012075029806
2012193005833
2010194020068
1126069002749
1007076017064
2008196027140
3007106004024
1152048044112
1101076057059
2013192007880
1132066031200
1112075040941
1129067019656
1112075034663
1126069039182
1009076034934
2009196000563
3009106005147
2007197015621
1109076014206
1132066039349
1123071040736
1018074046721
2017190009925
3017103001763
1126070030289
1109076031445
1135064040384
1112076028689
1023071020845
3025098038212
1115074014577
2007198010276
1009076061943
2008197001089
3009106019965
1101077072166
1135064014393
1112076012401
1101077025640
2100199032627
1112076023416
1112076023416
1104077011168
1146054047767
1135064034603
1146054027094
2007199027563
1104077049812
1112076025431
1115075040847
1109077025716
1007077019516
2008199030718
3007107005251
1007077045002
2007199030793
1115075038693
1115075024773
1023071068240
3023100033246
1115075023795
2013195015319
1112076029273
1118075016534
1123072020336
1009077016828
2010198008023
3011107021223
1132067018262
1101078038551
1143058013557
2017193020744
2017193020721
1109077050712
2012198020419
1107077001742
1004078051449
2003201023904
1001078015048
2002202026296
1143058013961
1112077019850
1135065001137
1121074002824
1001078052456
2000203010723
2007202007582
1112077048301
1112077058787
1129069055118
1101078060283
2102203004729
1107078029292
1115076027734
1107078049915
1101079049244
1163037039451
1138063009852
1138063009852
1112077046847
2000204004732
2007203007781
1112077052488
1149053042354
1015076032855
2015197021583
3015107009723
1135065057050
3023102045990
1149053045951
1004079040650
2003204011085
1115076032208
1021075065016
2020193007355
1121075052328
2000205001495
1007078018289
2008203027768
3007110005416
1018076053332
2017196015137
3017106004019
1104079029954
1121075014044
1123073057715
2020193007772
2020193007772
3021104044071
2020193007772
3021104044071
1149053015926
1012078021824
2013200024446
3013108014444
1126072046856
1104079042910
1007079060812
1015077011252
2016197029305
3017106028547
1121075008650
1123073017548
1104079046208
1121075051209
3017106008003
3017106008003
1107079007002
1152050019980
1132068025246
1155047041817
1143059046344
2008205001081
1109079016976
1163038038126
1118077001893
1007079028514
2007205008048
3007111010969
2008205017999
1007079043588
2007205024368
2007205024439
1004080049710
2003206018044
1135066040703
2100207031433
2012203037167
1135066028199
1115077057539
1126072031840
1126073031467
1126072031840
1126073031467
1121076056839
1101080029204
1152051050587
1152051013419
2004207005699
1101080007742
2100207008852
1115078012303
1118077042198
2015200019971
3015109010668
1112079005570
1012079075974
2011204018431
3011110014010
1021076014195
3021105002631
1123074019472
1118077019338
1118077012408
1169031011774
1149054021571
1104080062752
1140062026740
1129071021642
2102208006687
1015078030647
2015201014255
3015109005866
1140062056682
1107080041392
1112079006425
1135067044998
2016200001285
1140062018828
1009080065750
2009206031824
3009111020740
1143060020327
1112079042341
1012079068108
2011205009375
3011111007793
1009080022639
2010206014025
3011111027477
1129071025552
2015202021212
3015109009755
3015109009755
1123074014056
1121076029647
1132069055581
3021106002416
1121076037193
3021106001882
1135067033998
1109080038431
1104081004321
2102210022699
1143060010913
1135067023559
1118078034762
1140063044198
1109080057827
2010207017094
1104081048579
2104210010151
1123075041281
1112080041324
1126074034915
1118078005384
1121077018937
1109081012613
1146057038883
1118078035763
1109081005649
1112080058313
2004211001570
1004082011640
2004211006144
1115079010699
2010208022055
1004082017280
2004211012628
1146058004245
1015079036944
2015204018110
3015111008610
1115079021610
1115079050912
2002212025283
1121077024855
1112080056790
1112081056577
1112080056790
1112081056577
2130183001837
1143061056896
1101082061584
2101212029930
2102212000135
2101212029930
2102212000135
1118079002734
2010209029728
2103212006583
1138066004075
1007081036758
2007211013831
1001082030829
2001213012616
1140064003665
1007082076209
2005212023615
3005115003837
1115080044601
1101082074070
2102213013114
2104213033124
1140064028698
1129073020087
2103213024777
2104213023092
1115080044989
1155049050436
1121078017559
1140064029226
1107082040899
1101083064857
2102214004327
2102214004269
1109082004011
1126075060655
2008212010871
1104083062302
2104214024509
1121078057504
1160043056136
1149056013941
2001214015342
1135069054116
2008213021921
1107082069568
2108213018877
1015080072620
2014208018213
3015112032825
1140064059348
1118080032145
2021201028707
1115080054924
1118080061332
1118080033212
1121078035887
1109082007557
1118080048471
1146058019781
1146058019781
1118080003140
1104083028248
2103215017696
1001083059646
2000215015564
2000215015520
1001083021268
2001216004628
1109083036904
1121079058132
1115081032826
1135069018287
1140065002040
1132072037430
1004084047464
2102217010196
1129074013684
2102217008431
1101084060621
2101217031694
1107083052454
3015113042621
1138067025910
1121079038300
1152053043693
1132072059863
2022202010580
2022201011372
2022202010580
2022201011372
3023108053793
3023108053793
1123077015440
1129074022796
1112083054957
1138068017911
1107083043067
1015081054840
2015210037097
3015114021866
1129074063248
1001084003753
2002218015066
2004217002228
1007083021367
2008216027882
3007117006941
1132072039978
1115081032850
1115081032850
1169033017384
1169033017384
2023201004795
1118081008661
1007084046141
2007217016476
3007117018197
1118081011546
1112083024254
2001219001310
1101084065931
2102219003560
1143063030066
2009216009302
2014212021185
1115082019151
1149057064183
2001219014284
1112083040726
1012083074150
2011215001565
3011116005857
1138068018302
1143063051028
2007218003835
3007117010754
1138068028461
1012083062378
2012215029882
3013116040137
1132073007685
1135070036690
1163040019646
1121080054236
1129075005743
1118082006321
1115082019090
1007084047005
2007219019634
3007118020781
1001085073882
2000220028060
2004220027475
1129075047819
1001085080995
2000221036747
1149057007072
1007085093581
1121081025512
1107085020105
1129075027592
1132073033525
1152054045421
2010218033435
2009219002423
1138069003207
1007085013152
3009118032950
3007119000481
3009118032950
3007119000481
1001086080937
2000222033346
1135071039715
1135071039715
1118082032589
1152054055139
1112084046118
1157048046059
1007085024653
3007119006625
1132074055087
1104086013628
1123079013458
1118083072602
1126078055527
1115084065582
3017116065919
3017116065919
2009221010998
1143064069885
1121082029651
1132074060421
2110221011005
1129076037533
1007086034437
2007223004238
2007223004191
3007120012852
1138070003149
3011119037127
1140067018355
1115084084776
1135072015177
1009086045891
2010221029288
2010221037005
1140067039923
1146061042427
1109086021178
2109222015375
1135072026170
1135072010965
2015217048837
2014219000832
2015217048837
2014219000832
1146061031405
1101087046622
2101225006906
2101226007770
2101225006882
2101225006906
2101226007770
2101225006882
1018084025495
2018214020913
3019116035402
2109223003813
1018084117785
2016217015928
3017117042644
2101226026836
1132075067342
1018084066249
2017216014517
3019116070869
1160045067417
1126079045714
1009087036551
3011120043951
1004087007090
1004088008093
1004087007090
1004088008093
2005225037427
2005226032984
2005226033014
2005225037427
2005226032984
2005226033014
1112086080046
2113221025850
1001088011940
2111223030144
1123081012227
1146062053644
2013221010959
3013120008251
1143065049199
1135073063416
1118084057596
1123081043604
1104088030061
1112087030860
2111224031243
1012087087699
2012223036694
3013120059816
2101228026497
1138071067562
2104228024547
1112087025076
1157049033587
1140068047362
1004088065840
2012224003759
1132076053007
1023081044956
3025112067456
1129078034010
1135073002767
2000229026103
1112087025742
1146062024125
1107088045340
1123081041697
1123082043509
1123081041697
1123082043509
1146062057304
1126080029555
2013223022238
2111226032126
1109088070575
2110226027011
1023082060386
3023115005138
1021084034129
2022213055920
3021116011842
1107088029006
2105229049741
1135074038715
2001230035326
2111226033088
1001089028687
1109088044319
2110227000502
2109228042478
2110227000502
2109228042478
1143066020828
1138072022362
1109089006400
2108229034063
2009229021183
1126081023015
1023082065512
3023116006602
1009089024750
3011123049729
1112088038653
1135074011785
1107089094854
2108230021091
1112088030612
1146063061208
1132077031028
1115087092331
1163042049660
2013226050587
1126081043028
1107089002539
2105231011362
1129079021866
1143067052944
1121085007913
1115087045491
1160047058336
1012088121674
1012088121674
2011229020090
1135075026803
1015087124791
2014226033416
3015122064274
1143067042820
1157050011694
1109089024123
2109231017155
1123083021877
1163042010035
1163042010035
1109089030835
2109231023896
2109231023951
1015087086251
2015225061471
3015122033475
1007089107850
2005232020790
3007125068606
1107089024598
2105232034530
1129080047133
1107090009999
2105233019851
1123083016017
1104090048696
2103233032839
1138073083948
1149061042242
1152057020385
1123083069501
2124215032614
1007090085630
2007233045454
3007126048605
1146064023909
1138073069847
2004234014240
2100235037574
1138073063394
1138073036018
1149061064716
2007234040852
2007234040736
3009125061665
1109090043246
1004091110175
3003127025145
1135075064480
1112090027534
2112231002159
2112231002053
1007090125612
2005234033103
3005127005056
1004091067051
3005127069151
1004091043916
2004235038282
3005127051225
1115088018955
2102236035483
2101236041848
2000236008326
1009090011736
2011232064642
3011125044622
2002237030681
1112090082682
1155054042000
2108235016301
2109234021755
1140071014694
1121087069747
2121222035957
1132079034289
1160047023203
1160047023203
1115089018392
1138074056880
2116229026023
1126083019915
1157051026464
2005237055326
1001092024805
2002238052572
3003128065869
2102238041044
1135076067076
1160048052721
1118089102188
2120225000778
1138074043926
1126084091387
2127213032970
1132079002908
1007092146159
2005238030279
3007128082937
3005129001356
3007128082937
3005129001356
1160048042795
2105238053306
1007092045266
3007129015083
1109092083773
2110237025771
2111236028941
1140072071257
1112091085662
1121088037199
1163044049341
1121088011456
2120227024162
1118089068172
1126084078594
2127214019685
1004093021367
3005130037158
1135077080196
1135077075544
1140072056080
1132080072113
2107241069522
2107241069368
2123223018235
1160048026415
1118090056410
1112092081587
1112092044114
1115091086566
2120229035123
1118090042147
1121089102121
2122226023099
1149063009897
2125221040414
1155056061798
1121089036828
2121228001821
1157052050560
1126085095796
2114236053972
1115091120283
2116234031588
1004094077459
3005131084985
1138076019463
1115091076672
2115236040084
1149063045993
1149064045681
1149063045993
1149064045681
3005132090519
1135078095383
1135078069043
1140073080946
1118091080167
2118233016376
1126086061765
2126221042934
1123088056541
2123227042300
2116237048921
1138077003480
1143071058578
2126222031803
1140074059333
1166041040180
1169037056396
1115092045345
2114240056809
1155057056775
1135079008087
1163045022949
1152061002472
1149064083201
1152061002472
1149064083201
1129085050195
1138077047861
1126087068297
2126224040118
1135080034677
1152061049940
1132083027242
1149066078543
1166042057686
1146069034909
1132084094387
1163046059280
1146069086774
1140076087594
1149066040862
1138079089938
1155059007035
1146071112399
1149068001967
1146071112399
1149068001967
2021261036926
2017268050991
2014272018781
3011149030961
2009278007691
3009150019558
3009150019422
2014273045513
1009108103891
2009278040695
3009150043286
1009108034822
3011149065124
1021103077189
2020266002299
3021142053698
1004109096315
2018268033540
3019144046555
2020266025302
1012107003910
2013275002457
3013149003308
2018269019166
1007109038167
2008281050644
3007152018612
1007109095905
3007152066655
1015106042120
2015275013843
3015149007476
1001110038940
2016275004342
1012109089184
2011281003615
3011151008427
2013279037998
3013151026373
1021104041017
1015107009118
2016276025529
3017148037542
1009110020543
2010283002751
3011152038128
1004111047984
3005155047542
2010283015150
1015107081397
2014279014691
2016276031647
1009110056326
2010284037613
2000288025931
1018107070120
2017276025220
1004112065147
1007111083123
1001112006608
1018108002850
2020274029711
3019149010611
1007111039303
1015109081395
2014283026068
3015152039609
1012111015825
2013284018134
3013153011237
1004112030361
1004112104120
1109112008870
2109288000782
2108289045404
2109288000782
2108289045404
1009112065014
1007112078870
2105290019481
1018108036090
2018277027763
3019149032904
2015283007351
1109112110719
1004113012012
1004113012012
1012111009619
2013286009305
3013155005725
1004113062865
1021107054952
3021149028302
1115110105233
1012112036615
2012288003122
1021107028531
3021149011277
1012112003327
2013287003337
3013155002393
1004114036849
1109113012286
1112112032772
1104114025527
2016285016557
1115111050943
1107114038734
1009114024190
2010293011913
1112113042727
1104115035868
1121109022395
1001115044858
1112113091942
1004115077625
1121109070193
1115112064757
1001116043176
1123107048370
1123107041886
1001116010104
1107115050759
2107299022488
1007115003138
3009160026185
1001116005012
1118112006709
1015112043714
2015290031984
1121110100268
2012296019563
3013159023784
1123108085924
2009299002358
1107116073927
2012297020239
1012115031968
2012297005080
3013160017428
1121111046144
1012115044570
2012297020000
1107116008150
1123108016277
1118113021463
1132101053578
1115114060345
1015114021061
1126107012034
1004118056275
2003304022292
1118113088460
1107117008271
1109117038749
1118113050241
1104118019332
2014297024998
1118113034185
1004118060933
2013298008994
1115114002728
1129104112747
1107117004901
1101118004141
1112117018088
2012301003435
1018114032324
1118114062992
1121112014537
1018114033452
2009305014605
1004119058176
2013300002658
1115115058714
1101119012784
1118114019628
2007307005656
1004119054445
1132103033803
1018115002993
3019158007206
1135099036094
1015116043914
3015162017632
1015116038620
3015162014420
2010305023856
2010306021997
2010305023856
2010306021997
1123110052444
1118115059895
1112118009047
1126109066629
1118115051821
1118115051821
1121113076510
1121113038078
1112118024556
1112118031831
1101120025726
1126109001048
1129106017502
1118116041158
1112118067639
1126109037725
2009309006285
1115117034603
1107120047336
1118116032001
1023111039649
3023156009558
1015117013609
1118116051482
1104121041387
1112119027336
1004121037805
2003313010558
1135100072800
1109120007768
1021114019168
3021159007441
1015117015247
3015164000439
1129107008617
1015117044499
3015164015802
1107120044706
1135100062402
1135100062402
1023112003325
3025154014243
1123112072242
1104121051075
1109120042931
3017163018328
1004122008769
2004315005106
3005170008681
1118117013562
1115118011785
3023158014410
1118117054567
2001316008171
1109121050854
1007121022809
2007314006609
3007169008080
1109121036087
1001122046671
1107121028381
2001317021558
2001317014350
1123113037675
1132105073412
2009313011429
1104122036104
1132105039727
1026111002115
3027154001996
1115119035300
3019163020039
2007316017331
1132105039173
1123113044627
2124292009892
2004318000992
1026111008599
3027154006348
1118118012075
1104123020805
1109122064971
1126112072452
1012121002373
3013168001725
1101123044920
2101320030059
1001123030636
2001320022092
1001123017149
2001320005263
2101320016034
1101123052177
1109122024114
1009122024643
1140096022474
1101124022892
2101321001139
1107123016336
1104124023801
1101124014059
2100321019492
2004320009685
1129109043849
1104124001903
1123114049405
1115120016557
1126112008978
1140096041238
1104124015220
1012122028129
3013169018218
1004124014844
2004321013667
1135103017900
1101124040589
2101322024808
1101124040589
2101322024808
2005320026983
1109123022573
1101124043131
1115121001025
1126113048504
1126113072528
1123115042462
1012123019441
1109124057647
1015121018610
3015169003868
1007124014264
2008321024419
3007173004104
1007124046526
2005322011488
2005322011544
3005174000373
3005174000373
3007173018439
1132107067850
1138101003569
1109124039697
1001125020527
2001324009663
1121118060888
1004125006296
2004324002559
3005175006567
1101125012124
2100325013025
1007124016110
2008322026481
1001125029127
2001325017838
1115121061298
1004125045739
2003324025906
3003175007086
1007124003360
2008323008189
3009173018979
3019166018617
1109124017742
1001125021929
2001326011393
1129111006185
1140097073296
2141246013492
1109125009653
2103325003467
2103325018156
1004126017317
2004326017449
3005176011508
1129111063478
1023116010443
1140097038930
1140097038930
2001327002770
1118121021504
1107125017215
2105325020440
2107325000313
2105325020440
2107325000313
1126114052618
1004126019896
2004326020750
3005176012584
1009125028688
2009323000445
1015122018198
3015171002032
1104126032499
2104326004939
1140098029131
1109125008590
1123116055777
2002328021168
1009125048936
2008325000546
1004126022867
2004327027202
3005176015832
1112124026293
1012124028499
3013173017237
1009126027553
3009175003004
1129112003129
3015172011266
2103328005578
2105327014103
1004127021734
2004328022478
3005177013492
1135105010643
1140098092888
1101127007198
2100330008180
1107126040408
2108327004839
2000330021063
3001178014671
1015123017943
3015173003176
1123117016356
1126115053971
1107126029826
1115123054882
1015123007007
3017171018215
1118122027804
1118122027804
2112019005803
1104008001935
2102020018418
1004008012690
3025010001049
1009008035080
3009011007898
1132007035383
1004008007501
1104008030100
2104020004536
1112008004135
2111020015465
2117020010999
1001008008482
1001008037212
2000021007470
2102021021795
1112008031481
2112020028554
2100021021385
1018008035186
1007008011588
2100021016016
2118020008509
1112008004420
2111021016112
2000021009555
1023008025953
3023011006476
1004008026087
1015008003066
3017011013841
1104008013759
2103021008252
1107008043983
2108021010035
1004009032990
1121008020412
2121020002707
1001009039481
2000022009261
3011012012700
1009009010383
2113021012331
1138007055563
1129008057620
1135007026904
1132008001758
2000022010590
1112009007742
2111022019625
1121009016521
2120022027178
2120022002399
1132008026345
1129008019272
3019012005884
3009012009056
1009009039827
1129008044884
2122021009480
2112023006359
1104009002324
2102023019859
3017012019937
1015009007692
3019012007668
1018009004384
2111023012994
2000023011334
1118009058518
2118022029032
2120022000553
2118022029032
2120022000553
1118009006533
2116023027889
3011013005449
2107024017656
1007009001715
3009013019623
2116023004702
1009009033257
3009013005733
1112009007523
2111024021324
1109009013183
2109024012957
1118009028971
1112010030749
1138008036645
1115010024020
1129009003557
1118010007917
2114024013860
1126009046013
1001010021813
1118010007096
1132009030175
1118010017191
1107010027494
2107026015841
1112010053706
2113025022821
1138008036666
1012010023079
3013014013779
1121010044786
1132009065177
2104026019555
1115010004133
2114025005488
1129009021461
1112010055511
2113026025768
1015010009215
3017014019569
1126010004997
1118010033573
1118010008073
2116026021020
1135009007814
1007011046545
1101011039548
2101027017961
1101011009992
2120026025419
1023010016350
3025014019016
1101011037879
2101027016345
1101011038778
2101028017064
1132009029939
2131024018657
1140009063330
1126010032034
1123010003561
2122026021144
1107011050472
2108027019007
1001011042184
1109011021463
2109027024401
1004011027998
3015015004436
1015011020348
1007011019004
1009011006246
3011015011901
1118011009172
1101011032129
2101028010092
1101011036575
2101028014846
1104011040045
2104028015801
1112011046384
2113028018066
2123026019715
2113028021594
2120027009352
2113028009489
2112028003650
2111028020892
2112028003650
2111028020892
2109028002312
1121011026944
2121027008737
1115011003115
2114028004385
1112011030547
2112028027699
1101011013159
1115011009177
2114028011518
1009011028386
1112011018378
2112028011927
1115011011955
2114028014908
1129010032571
1007011014510
1004011032748
1129010062726
2105029016802
1107012008418
1126011032199
1126011005533
2121028004347
1118011035135
1118011035135
3011016003265
1012012040503
1121011027125
2121028007979
2115029009628
2121028005846
3023015002965
1023011020468
3011016013331
1009012008184
1138010026218
3011016018336
1009012017109
3019016014596
1018012016179
1004012017591
1132010017854
1001012034478
1118012006832
2116030022254
2124028001603
2116030020454
1118012036560
2118030008309
2100031008429
1007012021062
2123029014348
1104012053253
2104031025100
2105031001264
2104031025100
2105031001264
3013017009874
2115031027000
1109012050208
2111031003048
1004013043994
1112012018225
2112031010017
2113031019191
1140010041362
2116031007586
1018012018055
3019017017140
1135011058135
2114032005271
1115013003832
3015017012808
3015018012933
1015013037407
3015017012808
3015018012933
2105033016500
1101013016210
1109013039416
2110033017337
1112013027203
2112033018844
1007013025660
1104013053911
2105033003844
1135011061786
1121013031339
2121032012687
1138011020786
1007013023324
1138011028422
2121032010676
1109013023057
2109034023026
1115013024007
2115033005067
1101014040841
1104014011524
1007014015614
1004014052713
1123013056195
2125032003687
1107014037656
2107035023184
1129012062313
1001014004147
2121033017540
2121034014137
2121033017540
2121034014137
1112014036292
2113035003149
1107014048800
2108036011213
2118034008289
1001014015429
2118034018454
1026013015873
1001014007933
1104014017294
1112014008830
2111035020377
1004014015330
1132012044478
1104014004805
3017019002509
1115014033077
2115035015612
3011019014679
3011020016200
1009014012279
3011019014679
3011020016200
3011019014679
3011020016200
2114036014216
1115014027804
2115035009549
1109014055437
2111036008149
1123013021037
2123034015971
1115014017905
2114036023460
1129013020885
1129013014311
1101015029589
1115014027340
2115036010442
1115014047097
2116036008737
1118014008872
2117036001648
1112014007581
2111037018756
2112037012129
1001015004723
1001015002187
2124034002778
1115014006415
2114037008613
2114036008571
2114037008613
2114036008571
1021014023027
3021019012912
1135012056649
1015015038445
1015014038256
1015015038445
1015014038256
1123014035378
2124035010321
1121014004977
2120036011104
3015020000815
1015015015068
1121014002873
2120036009106
1135013052667
1126014051639
1004015059642
1009015001545
3011021008183
1135013033230
1135013034753
1001015029768
2121037011373
1129014036132
1107015033838
2107039020955
1007015007364
1138013034428
1132013037065
1132014038936
1132013037065
1132014038936
2120038018516
2107040016586
1118015004503
2116039021751
1123015054483
2125037003586
1121015006299
2120038012827
1001016012482
1001016012482
1012016009605
1109016023811
2110040000488
2109040025374
2110040000488
2109040025374
1132014035289
1135013012085
2110040018755
1123015013404
2123038011202
2114040005820
1023015034305
3023021011579
1101016017215
1009016013165
3011022014418
1118016024522
2117040018439
1115016030059
2115040009809
1135014047049
2117040019598
1009016033472
3009023006752
1107016041207
2108042004515
1009016038053
3009023009231
1101016036484
1115016050486
2116041006470
1004017039240
1123015036265
2124039007688
2114041008966
1001017026360
1004017001846
2117041015881
1126015003288
2125039015007
1009017035219
3009023007918
1121016023272
2121041007744
1107017002847
2105043010917
2123040008973
2116042002092
2123040017849
2123040017893
1126016035016
2126040020714
1109017035978
1121016008312
2120042015789
2124041012513
2131038007196
1126016030724
2126040016340
1129015042884
2117042010611
1107017023857
1021017024462
3021023013260
1009017027862
3009024003666
1138014055773
1007017009995
1123016031634
2124041000943
1132015014720
2131038004106
1112017031402
2113044000361
2118043012147
1126016026837
2126041012743
1015017010573
3017024018595
1126016045336
2127041003643
1118017020947
2117044014911
1001018050808
1121017041127
2121044024486
1132016059601
1004018030454
2118044019023
1107018018008
1107018014388
1118018030145
2117045021475
2117045021563
2126042016832
1001018037106
1109018004813
1129016058022
2130041005360
2125043005486
1009019021013
1021018035420
3021024017977
1121018060516
2122045016066
1001019042852
1001019040710
1126017000987
2125044014109
1107019026581
1015018006207
3015026022960
3015026022960
1115018011131
2114047013520
1126017073846
2127043025997
1001019036488
1107019019791
1104019047790
1107019006641
1112019026814
2112048018925
1118018037356
2118046000539
2117047028742
2118046000539
2117047028742
1009019014925
1118018031940
2117047023746
1021018007565
3021025000898
1121018010983
2120046018311
1104019034380
1123018068146
2125045007682
2125045007632
2125045007681
1118019011272
2117047002776
1004019024127
1018019021936
3019025019774
1104019005729
1004019031934
1101019041010
2120047001295
1132017002552
2130043015508
1007019026509
1132017005031
2130043017239
1015019020729
1132017057363
1132017057840
1118019026228
2117048019067
1007019024558
1104020002943
2115048022494
1118019052014
2118048020443
1115019011403
2114049012496
1132017021996
2131043016810
2131043016796
1007020031864
1023018011265
3025025020176
1112020032331
2113050001164
1132017035019
1123018029972
2123047026873
2123047026200
1009020001406
2110051013853
1138016096332
1004020056078
1021019009030
3021026001918
1009020031799
1004020022442
1012020015620
3013028009065
1132018026978
1107020020124
1132018028472
1121019053535
2122049007841
1109020035095
2110052015220
2127047028775
1001021018476
1009020013079
1135017060135
1109020006230
1129018045420
2129046011025
2114051005405
1004021049680
1115020010465
2114051011262
2114052013302
2114051011262
2114052013302
1109021014879
2109053011534
1015020005284
3017028018220
1121020003270
2120050011527
1135017059232
1009021032413
3009029006068
2116051004986
2116052005563
2116051004986
2116052005563
1132018043295
1135017061952
1007021001743
3009029019958
1121020043525
2121051023385
1004021036331
1132018003018
2130047023054
1135018109448
1018021034108
1018021034108
3017028003093
2129048003894
2113054017258
1109021045373
2110054021599
1104022039707
1012021023690
3013029015681
1009021021231
1009021021231
3009030001367
1109021042787
2110055019316
2122052000982
2118053003342
1118021002699
2116054018578
2123052024296
1118021035673
2118053003562
2110055007580
2110055007580
3025028019847
1104022025033
1107022049268
1021021027021
3021029017790
1009022037694
3009030008412
1104022020017
1140017049749
1118021021452
2117054012097
1104022034666
1009022008970
2121053032076
2120054016357
2109056000443
1118022032083
2117055023749
2114056018460
1101022015916
1007022041541
2114056003900
1101023006106
1004023035414
1018022029377
3017030000149
3019030020663
3017030000149
3019030020663
1015022029916
3015031008465
1009023042531
3009031011035
1123021023935
2123054018274
1101023056012
1107023017503
1121022058651
2122055008034
1121022045253
2121056024711
1007023017251
2129052022232
2129052006936
1112023022307
2112059010707
1115023008115
2114059008148
1135020071168
2124056036163
1126022050750
2126055026545
2126055026545
1101024034791
2130053013813
1132021117117
1115023046499
2116059000135
2115059022214
2116059000135
2115059022214
1012023014797
3013032009856
1126022080095
2127055024440
2129054007251
1101024005597
3019032018936
1007024019794
1007024018193
1101024004759
1118023050771
2118059009800
1104024045276
2126056011189
1132021017798
2131054003687
1135020062475
2116061009088
2116060008314
2116061009088
2116060008314
1109024033960
1135020066543
1004025056561
1104025022254
1129022057464
2129056015779
1007025020197
1121024045279
2121060017726
1104025006448
2109063012655
1004025013402
1101025013047
1018024012226
3019033014431
1101025016916
2124060010464
1004025002745
1004025025424
1115025014462
2114063015081
1101025064007
2130056013201
1107025056151
1107025022831
1126023012947
2125060022491
2123061013335
1004026051975
2118063028127
1021024006815
1135021068342
2117064032682
1118025019898
2117064008589
2111065008636
1123024014437
2123062008292
1109026001663
1135022026163
1109026029099
2109066017223
2124061005700
2124061005233
1009026045193
3009036009197
2122062016470
1018025022568
3019035019986
1012026015671
3013036008063
1118025050428
2118064005509
1104026001441
1126024010072
2125061018339
1132023018975
1009026041739
2120064017347
2120064017422
2112067001946
2113066001219
2113066001219
1129024107263
2130059011082
1107027014568
1104027035457
1109027042545
1109027085161
2111068002361
1118026090281
2118066036304
1129024081830
1112027059497
2112068030759
2112069040337
2112068030759
2112069040337
1112027081764
2113068019511
1121026034994
2121066002466
1012027008535
3013037004724
1107027057706
1109027009067
1121026015842
2120067023218
2120067023119
1121026099397
2122066021481
2122066031369
1109027004016
1018027063718
3017037015222
1112027056844
2112070034443
1009028061028
3009038018188
2127064032831
1009028042356
1104028092854
2121068038350
1118027045357
2117069029896
1004028062795
1109028033472
1009028021670
3011038022012
2111071021419
1026026043876
3027035027486
3027036031610
3027035027486
3027036031610
1107028020376
1129025102851
1112028070721
2113071010874
1101028038635
1109028004411
2122068048765
2122068048824
1101029031814
1001029002634
1115028074004
2115072031437
1001029088897
1101029083382
2122069014927
3017039018934
1015028012373
3017039025169
1109029006269
1101029035639
1101029024213
1109029003706
1007029039513
1009029012258
3011040020004
1123027107928
2124070042196
1015029001709
3017040020595
1115029039045
2114075040999
1115029007872
2114075008906
1112030020513
1004030002629
3005042008391
1007030045174
3007042019318
1118029054256
2117074031449
1012030072954
3011042009025
1101030064835
3007042017947
1021029009701
3023039033669
3021040000337
3023039033669
3021040000337
1007030012528
3007042001153
1001031018361
1007031013992
3007043003280
1009031036036
3009043003074
1015030007920
3017041025790
1107031044736
1101031089062
1101031006927
1101031006449
3019041014706
1018030060441
1101031021954
1018030044271
3019042039462
1007031064813
3007044043379
3021041006420
1021030000027
3023041035273
1012031041778
3013043027623
1009032025460
3011044030968
1004032055016
1101032100779
1101032004685
1018031049219
3019043048752
1007032011921
3009045048130
1009032015686
1009033019126
1009032015686
1009033019126
3011045032524
1007033088183
1007033066882
3007046031694
1015032013895
3017045049961
1149023096508
1149024090204
1149023096508
1149024090204
1140028066405
1146025019816
2134077040419
1135030085892
2136075005225
2136076005203
2136075005225
2136076005203
1140028056318
1149025020906
1149025047367
1149025067588
1140029078988
1140029070088
2131083021226
2131083021226
2131083021496
2131084021976
2131083021496
2131084021976
1140029018470
1140030017039
1140029018470
1140030017039
2131084025744
1140030065494
1140030088167
2134083011236
1160020049332
1143029060645
1135032091332
1143029055308
1157022035820
1149026068637
1135033047727
1157022047003
1146028006839
1132034071259
2133086019038
1135033051249
2129089005222
2125093009061
1152025047139
1166017047780
1126036022072
2126092003181
1146028046789
1129035009718
2128091012774
2128091012747
1135033076633
1152025001538
1146028018517
1121038071314
2122096012577
2125094002088
1155024026182
1121038083531
2122096026371
1160021057443
1118039057007
2118099000503
2117099041298
2118099000503
2117099041298
1155024079872
1138033059771
1132035029709
1140032057212
2115101029796
2115102029205
2115101029796
2115102029205
1138033028050
1121039054249
2121099029733
1143030065298
1129036074672
2130091006694
1126037059547
2127094004957
1149028068395
2128094012686
1123038037823
2123098031920
2123098031903
1121039039560
2121100011381
1121039039560
2121100011381
1143031068137
1140032016613
2122099025405
1112041017952
1155025032074
1140032068931
1132036055914
2133091011437
1118040021567
2117104008016
1107042024441
2120103030830
2125099001866
1123039042867
2124100006560
1132036011768
2130094028924
2131093000274
2130094028924
2131093000274
1118041067790
2118104022355
1118041046074
2117104034890
1109042064729
1115041003154
2114106004485
1129037057306
2129096025973
1109042053164
1132037061137
1138034034784
1138034066108
1132037014240
1109042024106
2118105019167
1140033060163
2121103002629
2121104002401
2121103002629
2121104002401
1126039037897
2126099024105
1129038077106
2130096017546
1132037029490
1121041071710
2122103022320
2122103022373
2130096015274
1121041043217
2121104023226
2121105020891
2121104023226
2121105020891
1140033015933
1140034015869
1140033015933
1140034015869
1118042069551
2118106031867
2116108007935
1123040073364
2125102012523
2129098004247
1129038016934
2128099017255
2121105025785
1135036071043
1138035051579
2115109015508
1112043004657
2111111020042
1132038016893
1132038012449
1135036052685
1135037049621
1135036052685
1135037049621
1118042009187
2116109031805
1101044014966
1104044043755
2115110006169
1112044056808
2113111010489
1115043062683
2116110003058
2116110002979
1146031026430
1109044019970
2127102007614
2124105018333
1107044078869
1001044076042
2120108026680
1140035064203
1140035064203
1118043018322
2117110010918
2117110012881
1157025051872
1123041054103
2124105025715
1157025053724
1107044007100
2120109020725
1132039036007
1118043060161
2118110025848
1146032055076
1135037050731
1146032011608
1126041024278
2126105011927
1152029040942
1140035028799
1129040010015
2128103011984
1132039034535
1138037010153
1123042052068
2124107026996
1112045019151
1107045068869
1149031032466
2149078011930
2122109010973
1112045009111
1132039052248
1126041008521
2125107023483
1001046082794
1143034001593
1112045025393
1135038013918
2126106023651
1007046092728
2125108019228
1143034038538
1149031025208
1146033036694
2121112019538
1109046019842
1126042049102
2127107009510
1152030035763
1107046025781
1138038042464
2116116017054
2113117026962
1149031024627
1149031024627
1163022013425
1135039014908
1129041005916
2128107006952
1152030054962
1115045004053
2114117004750
1109046049752
1132040053096
1121044029353
2121113011032
