1011011120124124288 33.433220 12.944030 0.020000
1410011150124129536 33.462460 15.985230 0.020000
809231230114112384 33.463920 23.263610 0.020000
1212121040124143872 33.607460 5.385770 0.020000
1110181350104113408 33.623050 34.445310 0.020000
1511020070124103168 33.632060 -8.251430 0.020000
1309130120124115968 33.633610 -13.123470 0.020000
1002131150124125568 33.683850 16.182060 0.020000
1309041210124102912 33.723750 19.859430 0.020000
1410261430094144512 33.818160 43.790710 0.020000
1301151090124141824 33.826970 10.945970 0.020000
910150040134134400 33.906670 -3.428070 0.020000
1510311120124112896 33.993540 12.237270 0.020000
912150090134115072 34.161830 -10.284340 0.020000
812201120124131840 34.218610 13.916850 0.020000
1209271400104123136 34.307860 40.691560 0.020000
1012090010134125952 34.479120 -1.364120 0.020000
1212131150124142592 34.599850 16.566280 0.020000
1111030090134103808 34.757700 -11.007490 0.020000
911170180124116992 34.838220 -18.710770 0.020000
