1306171660384131840 245.000310 66.828490 0.020000
804151120864114048 245.050020 11.882520 0.020000
1203010090874125568 245.150080 -10.460640 0.020000
1604151230814108416 245.217660 23.014340 0.020000
1305211460624138496 245.241530 47.413300 0.020000
1402110120864108800 245.287510 -13.885360 0.020000
1606031430654136576 245.322390 44.214990 0.020000
1110191350734141568 245.540050 36.071830 0.020000
906011040884130048 245.648920 3.879590 0.020000
1305131180844143872 245.679930 18.959800 0.020000
1403271230814126080 245.682790 23.948490 0.020000
909271230814124416 245.726550 24.133630 0.020000
1406171040884120576 245.745720 3.663580 0.020000
1504291660384101632 245.810100 65.010290 0.020000
806061120874122368 245.842630 12.226130 0.020000
902021120874110720 245.940000 11.735270 0.020000
1605280120874163968 245.960300 -12.292000 0.020000
803311010884148352 246.056890 1.808730 0.020000
1305201400684109568 246.137560 39.862910 0.020000
804281380714144128 246.257170 39.157300 0.020000
