1004661 251.340500 -13.301587 0.020000
1004662 251.380810 61.483303 0.020000
1004663 251.393860 -11.521627 0.020000
1004664 251.450520 34.767333 0.020000
1004665 251.490100 -14.648417 0.020000
1004666 251.582960 43.975333 0.020000
1004667 251.603260 18.169013 0.020000
1004668 251.718730 56.884833 0.020000
1004669 251.722980 9.157313 0.020000
1004670 251.747530 27.499923 0.020000
1004671 251.766450 23.303223 0.020000
1004672 251.777990 62.447523 0.020000
1004673 251.872690 9.340503 0.020000
1004674 251.873980 -15.389897 0.020000
1004675 251.949900 43.679163 0.020000
1004676 252.011480 12.389023 0.020000
1004677 252.027310 54.650523 0.020000
1004678 252.065170 -6.068587 0.020000
1004679 252.088600 6.303963 0.020000
1004680 252.246030 43.135223 0.020000
