1602121150694122752 198.961970 15.636050 0.020000
1002130070714113408 198.970600 -7.550480 0.020000
1604061090714114048 198.984400 9.465030 0.020000
804040120704115968 199.075910 -13.163020 0.020000
1104041040714134144 199.095700 5.081500 0.020000
804270150694124672 199.106990 -15.220410 0.020000
903221180694110080 199.146520 17.428650 0.020000
1404240210674141440 199.165050 -20.119020 0.020000
1112241150694114944 199.288950 15.056940 0.020000
1304151430534106112 199.371640 42.741570 0.020000
1306091570404118528 199.378050 57.474290 0.020000
1105070040714144000 199.458460 -2.954640 0.020000
1003201460504104704 199.487610 45.349370 0.020000
1404021490484118272 199.509940 49.128880 0.020000
1006160180694138368 199.533760 -17.593340 0.020000
1003191430534129664 199.625440 44.339690 0.020000
1204161210684133120 199.646780 21.642560 0.020000
1306060070714103040 199.652790 -8.273120 0.020000
1305300070714118912 199.672440 -7.078640 0.020000
1201041150694132480 199.761780 16.162010 0.020000
