1212201040594136832 163.609180 5.039410 0.020000
1401301550354109696 163.642300 54.299120 0.020000
1604251070584119808 163.685710 6.992920 0.020000
805081040594121216 163.745520 4.815810 0.020000
1301051320514130432 163.758080 33.001000 0.020000
1301171260534108928 163.760980 25.897880 0.020000
1001151380474105728 163.779130 36.996020 0.020000
1203131150574115840 163.874500 14.877580 0.020000
1401281320514117888 163.917460 32.212770 0.020000
801301090584117888 163.958660 9.939040 0.020000
1404271230544116480 163.981520 23.768360 0.020000
1504230070584101376 164.103070 -8.372340 0.020000
1404021460424123136 164.149250 46.704670 0.020000
1005091210564106624 164.154940 20.244960 0.020000
806251490404114176 164.237790 49.688540 0.020000
1112291400464106624 164.242580 39.710870 0.020000
1312311010594112512 164.254590 0.781930 0.020000
1306051260534106624 164.344980 25.847020 0.020000
1403251320514119936 164.475100 32.337730 0.020000
1101111090594116864 164.484630 9.387520 0.020000
