1309241320384122880 121.379870 32.317350 0.020000
1112301380354137472 121.465740 38.593870 0.020000
1410221380354136064 121.487060 38.560210 0.020000
1403111550264133376 121.754390 55.794160 0.020000
903171150424136832 121.873720 15.578320 0.020000
1410301120434103552 122.000540 11.427500 0.020000
1602271320384111104 122.108170 31.690430 0.020000
803051320384107008 122.192450 31.518370 0.020000
804161350364129024 122.223860 35.848140 0.020000
1203021290394123776 122.398180 29.627940 0.020000
1201201180424110592 122.422370 17.257840 0.020000
1001081010444113664 122.627560 0.407950 0.020000
1111300010444152192 122.672600 -1.189790 0.020000
1112251400344119936 122.681450 40.424900 0.020000
1302061040444139008 122.772240 4.027180 0.020000
1110301150434131456 122.821380 15.334140 0.020000
909301120444140032 123.031820 13.306850 0.020000
802281040444132352 123.042670 4.064400 0.020000
1202101150434141440 123.152310 16.329310 0.020000
1301151460314123776 123.204380 46.283390 0.020000
