1003051290594119936 185.839200 29.945210 0.020000
1404091660294105856 185.879720 65.366830 0.020000
1601201070664105216 185.950970 6.033430 0.020000
1306111120664110848 185.952760 12.040360 0.020000
1403300260604104960 185.978630 -27.961870 0.020000
1203281180644135680 186.070930 18.924810 0.020000
1506180040674111232 186.106730 -4.729620 0.020000
1212200040674116096 186.107500 -4.729190 0.020000
1212100040674114304 186.107530 -4.729200 0.020000
1003211320574117376 186.199320 32.115260 0.020000
904241230624131200 186.213150 24.584130 0.020000
1002151210634128256 186.226900 21.379560 0.020000
1501231400524112640 186.250200 40.279860 0.020000
804061070664115712 186.312640 6.757290 0.020000
803101120664124800 186.316290 12.886780 0.020000
1603190150654113536 186.379680 -15.994910 0.020000
1205280010674125824 186.601160 -0.714800 0.020000
1604140120664136960 186.605960 -11.550910 0.020000
1301091120664116224 186.616360 12.093850 0.020000
1104120070664107008 186.617510 -8.111980 0.020000
