1405051380514122752 175.569460 38.591320 0.020000
1403300230584137472 175.594320 -23.114660 0.020000
1203251150614137088 175.622990 16.329740 0.020000
1606061120624122112 175.727550 12.899970 0.020000
1501201380514117376 175.771320 37.871910 0.020000
1203211120624119040 175.776850 12.376890 0.020000
1501241180614140416 175.786960 19.441350 0.020000
1405031120624206848 175.803770 11.746610 0.020000
1102101210604128128 175.864490 21.527670 0.020000
1102120070634125952 175.907850 -6.917670 0.020000
1204111070634123008 176.122520 7.062870 0.020000
1302141120624107776 176.170910 11.649610 0.020000
1303150210604138496 176.186260 -20.527850 0.020000
1601191120624137984 176.199150 13.852540 0.020000
1203211120624103936 176.225700 11.441490 0.020000
1004050040634107904 176.232180 -5.078940 0.020000
1503230180614132736 176.232290 -17.944150 0.020000
805081350524125952 176.239970 35.996380 0.020000
1304111090634115840 176.243170 9.338870 0.020000
1405301010634116352 176.293520 1.182370 0.020000
