1504151230704129280 211.223250 24.416520 0.020000
806230090754110848 211.224930 -10.450560 0.020000
1501241090754108160 211.229590 8.920730 0.020000
1103161260694125184 211.395220 27.526160 0.020000
1401030010764124928 211.403260 -1.369490 0.020000
803121230704128896 211.535860 24.336810 0.020000
1201251010764111872 211.572660 0.627500 0.020000
1406281150734103552 211.635550 14.322810 0.020000
1604031460534124288 211.666480 46.748910 0.020000
1403261380614127872 211.733550 38.611570 0.020000
1204011210724143872 211.794710 22.381520 0.020000
1304291090754107904 211.812330 9.056190 0.020000
1604171380614134528 211.841450 39.397000 0.020000
1201291380614145792 211.842500 39.396730 0.020000
1206141400594106624 211.901850 39.990390 0.020000
903171350634142464 211.957290 36.643640 0.020000
1503130120754134528 211.985490 -12.112710 0.020000
1305131090754143488 211.989070 10.994690 0.020000
1002151180734122240 212.017490 18.196950 0.020000
1206141570424121088 212.027860 58.052130 0.020000
