1210161350174146560 56.489420 35.504810 0.020000
1411041090204104192 56.530010 8.808580 0.020000
1209190010214109440 56.552240 -2.311080 0.020000
909191290184139264 56.571950 29.594580 0.020000
1610301120204106752 56.605920 11.719190 0.020000
810071290184121984 56.668830 29.143570 0.020000
812201150204103424 56.678760 14.340930 0.020000
910150040214139904 56.752050 -3.093410 0.020000
1012021210204101632 56.765320 19.853270 0.020000
712050040214118400 56.799800 -4.266360 0.020000
1401041010214127104 56.825940 1.714970 0.020000
1309281150204108288 56.835250 14.610410 0.020000
810061260194125824 57.016140 26.392550 0.020000
712311090214110336 57.100560 9.201380 0.020000
1301090070214110208 57.153580 -7.931150 0.020000
1312250150204104960 57.269310 -16.630060 0.020000
1210221210204103168 57.290670 19.880930 0.020000
1501241350174147072 57.313920 35.476600 0.020000
1501180090214123008 57.351620 -9.588330 0.020000
909281150204138112 57.378330 16.461820 0.020000
