908171091124107520 314.759140 8.670000 0.020000
905280091124153344 314.887190 -9.271140 0.020000
1309050011134105344 315.066750 -2.716100 0.020000
1109300071124153856 315.078210 -6.115200 0.020000
1010091071124108416 315.143130 5.910020 0.020000
906150011134153472 315.183100 -0.869920 0.020000
1006130181084128384 315.271950 -18.613970 0.020000
1410281041134108928 315.274030 3.117670 0.020000
1306100091124106752 315.336710 -11.054220 0.020000
910171041134102272 315.523710 2.976220 0.020000
807021041134141056 315.536380 4.128940 0.020000
1107030091124153472 316.015430 -9.151950 0.020000
905270041134123008 316.222050 -4.885990 0.020000
1506170041134138368 316.564310 -4.154320 0.020000
1405280151104119040 316.601500 -16.040490 0.020000
1607120261034138112 316.654210 -26.372770 0.020000
909241091124176384 316.710660 11.047230 0.020000
904281011134152320 316.768890 1.737740 0.020000
1005240041134109440 316.992220 -5.294680 0.020000
908290041134108160 316.992250 -5.294750 0.020000
