810010070044133120 9.269880 -6.160890 0.020000
1309061400034134784 9.300570 40.651360 0.020000
910161120044118144 9.344770 12.502590 0.020000
1607081070044111616 9.348630 6.495380 0.020000
1509181010044129536 9.424490 1.763050 0.020000
907310010044133632 9.504300 -0.240370 0.020000
1301130120044104960 9.507220 -13.861020 0.020000
1512291400034104320 9.652100 39.664890 0.020000
1409030010044114432 9.657730 -1.872860 0.020000
911061180044136064 9.692520 19.113240 0.020000
1608291180044127488 9.726740 18.873850 0.020000
909221180044138368 9.728500 18.940780 0.020000
809221180044128000 9.751220 19.232180 0.020000
1510081040044116480 9.824970 3.950030 0.020000
1201270070044115712 9.913380 -7.270960 0.020000
1607101380034107648 9.986200 37.033220 0.020000
1010120070044125184 10.020690 -6.604580 0.020000
1309231430034119936 10.062510 43.097010 0.020000
1506291040044117504 10.140450 3.974400 0.020000
907291040044110848 10.142200 3.541430 0.020000
