1004621 248.580740 57.207703 0.020000
1004622 248.581920 57.207053 0.020000
1004623 248.694240 32.345323 0.020000
1004624 248.811950 -1.425457 0.020000
1004625 249.138230 28.084883 0.020000
1004626 249.259650 43.145453 0.020000
1004627 249.268910 -1.503767 0.020000
1004628 249.269550 -1.503127 0.020000
1004629 249.513970 37.503803 0.020000
1004630 249.522450 8.666243 0.020000
1004631 249.598870 -9.255457 0.020000
1004632 249.648400 26.192933 0.020000
1004633 249.698900 40.882503 0.020000
1004634 249.725730 21.851663 0.020000
1004635 249.748450 20.211923 0.020000
1004636 249.749390 18.016143 0.020000
1004637 249.796350 -23.934597 0.020000
1004638 249.833240 -10.749147 0.020000
1004639 249.927910 12.437333 0.020000
1004640 249.968270 34.297903 0.020000
