1201311230504128256 150.364260 24.329770 0.020000
1502131460384105216 150.391850 45.566500 0.020000
1401281260494108672 150.490160 25.912230 0.020000
1401091400424118272 150.504160 40.676020 0.020000
1202241350454148352 150.523260 36.539930 0.020000
804081230504132224 150.574150 24.969450 0.020000
1401110010544101120 150.679820 -2.776200 0.020000
1111221120534115712 150.720350 12.270750 0.020000
1103111090544109056 150.749470 9.000120 0.020000
1112311210514143616 150.776060 22.217390 0.020000
1011130010544134912 150.793860 -0.802600 0.020000
1605301550324119040 150.812490 55.088350 0.020000
1404041230504100864 150.819480 22.611620 0.020000
1202011430404119040 150.910210 43.515870 0.020000
906251320474101504 151.028250 31.208150 0.020000
1110241350454133632 151.039530 35.785880 0.020000
902010150534124800 151.214890 -15.675380 0.020000
810301150534104832 151.251120 14.380520 0.020000
804081210514140416 151.307860 22.289070 0.020000
904021180524130944 151.314050 19.185520 0.020000
