1104061320694106880 225.760680 31.531900 0.020000
1205241210764128512 225.829190 21.294250 0.020000
907281070804135680 225.930930 8.152770 0.020000
906240120804110592 225.936130 -13.389060 0.020000
1002160210764114048 225.974730 -22.119750 0.020000
1104081350674125056 225.999840 35.339560 0.020000
1112301150784113024 226.170820 14.770930 0.020000
1004091090804129792 226.188000 10.018760 0.020000
1004091040814104320 226.350150 2.976370 0.020000
1503251010814124032 226.375380 1.633970 0.020000
1204191230754136320 226.386860 24.545640 0.020000
802121430604108928 226.393100 42.802820 0.020000
1205241350674116096 226.418350 34.902620 0.020000
1605251180784118528 226.447790 18.342600 0.020000
1205171400634128640 226.510570 41.425750 0.020000
1305091090804141568 226.569630 10.809700 0.020000
1104270090804120192 226.643350 -10.326810 0.020000
905141210774136704 226.645080 21.854200 0.020000
1202291040814137344 226.669530 4.679990 0.020000
1004131230754130560 226.669640 24.320010 0.020000
