1201301180554121728 160.313880 18.417730 0.020000
1212121380464115712 160.314320 37.556330 0.020000
1410281570324102400 160.338830 56.591210 0.020000
1301171210544133120 160.343550 21.507830 0.020000
1302071210544131840 160.343660 21.507660 0.020000
1412231150564209152 160.348500 14.754650 0.020000
1102261350484104064 160.391010 34.121340 0.020000
1501170010584116224 160.449960 -1.789240 0.020000
1603311320504111104 160.456970 31.785500 0.020000
1302160120574139392 160.460480 -11.870610 0.020000
1512021490394107392 160.472490 48.559140 0.020000
1201030120574119936 160.483010 -12.996190 0.020000
803101180554123904 160.489020 18.491460 0.020000
1110281380464122112 160.528660 38.162880 0.020000
912181230534101248 160.570350 22.621730 0.020000
1202191400454110208 160.595700 39.990320 0.020000
1312111070574109696 160.698690 6.256030 0.020000
1605101010584124160 160.735750 1.642010 0.020000
1602150090574134272 160.753010 -9.209760 0.020000
1402270090574132736 160.754100 -9.210010 0.020000
