1412301211134147072 335.528270 22.146880 0.020000
905300041204121856 335.550140 -4.541350 0.020000
1607041211134127872 335.594100 20.978920 0.020000
1404271181154147584 335.691960 19.479300 0.020000
1309281121184118016 335.720760 12.230340 0.020000
1206221121184125184 335.833620 12.502590 0.020000
1010111011204118912 335.873270 1.040780 0.020000
910271261094101120 336.450260 25.419800 0.020000
810251071194131712 336.530970 7.640590 0.020000
1309061351004143616 336.593660 35.182310 0.020000
1210090211144147456 336.594370 -20.043350 0.020000
1210081261094137600 336.613840 26.784980 0.020000
905311291064116608 336.852030 28.734390 0.020000
1409151181164134144 336.888900 18.463320 0.020000
1610090151174125056 337.074340 -14.949100 0.020000
1309261261094119168 337.087680 26.099310 0.020000
1006151121184152448 337.100450 13.828920 0.020000
1105131071194105216 337.205930 5.798930 0.020000
1306031071194105088 337.206240 5.798050 0.020000
1506191071194103040 337.206530 5.797190 0.020000
