1002681 169.180670 27.605413 0.020000
1002682 169.205470 -12.441057 0.020000
1002683 169.215380 41.887293 0.020000
1002684 169.218670 1.276793 0.020000
1002685 169.219080 -15.533117 0.020000
1002686 169.222490 -15.946857 0.020000
1002687 169.273100 -2.071317 0.020000
1002688 169.328180 36.206813 0.020000
1002689 169.434390 17.283733 0.020000
1002690 169.495300 -1.257677 0.020000
1002691 169.517910 5.325273 0.020000
1002692 169.522610 0.526913 0.020000
1002693 169.551850 -4.190137 0.020000
1002694 169.603860 27.112303 0.020000
1002695 169.632440 27.027413 0.020000
1002696 169.717380 -7.436247 0.020000
1002697 169.943360 27.038553 0.020000
1002698 169.946390 14.659883 0.020000
1002699 169.962430 -0.328937 0.020000
1002700 169.971600 6.720483 0.020000
