1004461 238.627390 36.878523 0.020000
1004462 238.718650 32.118223 0.020000
1004463 238.819360 -9.904877 0.020000
1004464 238.854030 -9.663097 0.020000
1004465 238.865480 24.315493 0.020000
1004466 238.917690 36.812113 0.020000
1004467 239.038240 27.231333 0.020000
1004468 239.129040 -8.044577 0.020000
1004469 239.180610 16.099503 0.020000
1004470 239.184390 -0.130677 0.020000
1004471 239.237350 35.427253 0.020000
1004472 239.237420 35.427543 0.020000
1004473 239.304740 5.128223 0.020000
1004474 239.304820 5.127373 0.020000
1004475 239.311570 5.145653 0.020000
1004476 239.311610 5.144813 0.020000
1004477 239.336440 18.155643 0.020000
1004478 239.355080 53.027953 0.020000
1004479 239.450120 7.128623 0.020000
1004480 239.629300 12.899613 0.020000
