1311101380344148992 118.556860 39.058270 0.020000
1104141320374107904 118.560390 31.537730 0.020000
1301311380344128768 118.577990 38.206940 0.020000
1501241090424118272 118.708970 9.171990 0.020000
1003041180414145280 118.771450 18.963590 0.020000
1412231400334143744 118.808570 41.765530 0.020000
803031210404117632 118.831330 20.652340 0.020000
1512031520274124800 118.869360 52.157850 0.020000
1409141260394124800 118.919190 26.771880 0.020000
1411291550264147712 119.045730 56.167190 0.020000
1205191430324126464 119.061790 44.034710 0.020000
1410251290384143104 119.066880 30.329230 0.020000
804061290384155008 119.200080 30.968180 0.020000
910291320374121728 119.201260 32.090780 0.020000
1610121230404110080 119.274050 23.148720 0.020000
910221210414156672 119.307580 22.381420 0.020000
711061290384148352 119.445690 30.885330 0.020000
1304031260394120448 119.579980 26.401530 0.020000
1201131260394127104 119.751960 27.165870 0.020000
1110271210414133888 119.996940 21.326740 0.020000
