1012110210254124800 74.125130 -20.843430 0.020000
1002191070274109696 74.193400 6.082210 0.020000
1212031040274125568 74.263690 3.959090 0.020000
1111301090274136192 74.460630 9.689800 0.020000
1004061090274153472 74.513360 10.899090 0.020000
1511200180264109824 74.543940 -19.134660 0.020000
1211060150264111360 74.566170 -16.299480 0.020000
1610100070274103296 74.643370 -8.300960 0.020000
1111280070274158336 74.652260 -5.813130 0.020000
1111181120274120064 74.748020 12.052810 0.020000
1010291180264169856 74.933470 19.439610 0.020000
1401211290244171520 75.013070 30.018280 0.020000
1510120090274117888 75.059060 -10.019350 0.020000
803241120274139136 75.102470 12.935080 0.020000
1512011120274154752 75.113660 13.572260 0.020000
1401091320234202112 75.172850 33.814270 0.020000
910241210264127616 75.350560 20.638300 0.020000
1212040120274106624 75.374480 -13.729560 0.020000
1603021070274145792 75.419530 7.344190 0.020000
1312231120274170368 75.482730 13.832660 0.020000
