911061150114118784 30.415060 15.332820 0.020000
1409261010114109184 30.437100 0.627370 0.020000
1210161150114108928 30.528620 14.579730 0.020000
1609040090114121216 30.531470 -9.707940 0.020000
1210081120114116352 30.601010 12.277010 0.020000
1401041150114109696 30.602140 14.723570 0.020000
1511011290104121600 30.658210 29.528180 0.020000
1309171400094125056 30.728530 40.617770 0.020000
912150070114111360 30.832980 -7.739400 0.020000
1012140040114122624 30.850490 -4.012840 0.020000
1310301290104120576 30.882810 29.281990 0.020000
809301290104145024 30.934470 30.710600 0.020000
1310111090114129152 30.966270 10.338960 0.020000
1512081430094139904 31.004450 43.692430 0.020000
1301061180114141184 31.018890 19.530000 0.020000
1609020010124113152 31.111750 -1.885090 0.020000
1608301210114126848 31.156040 21.586180 0.020000
1312240010124142592 31.193380 -0.121790 0.020000
1410050040124104192 31.302270 -5.296730 0.020000
1509131070124107008 31.305480 6.102490 0.020000
