1009110181044182656 302.505600 -17.419530 0.020000
1510140151054177280 302.621940 -14.743290 0.020000
1110230121074196352 303.041960 -11.366040 0.020000
1410050091084153600 303.665730 -9.620850 0.020000
1309240151054197248 303.897210 -14.279010 0.020000
1106210091084179328 304.100070 -9.059220 0.020000
1406290091084132608 304.153180 -10.516620 0.020000
1409020211034165760 304.217170 -20.540120 0.020000
1206120041094190080 304.391150 -3.664150 0.020000
1005220181054132864 304.668450 -18.788310 0.020000
1511020211034182656 304.766890 -20.035020 0.020000
1306010121074103808 304.965890 -14.040320 0.020000
1005220181054122496 305.656690 -19.092740 0.020000
1512060071094174976 306.402770 -6.213610 0.020000
908290071094126080 306.419310 -7.597980 0.020000
1106210071094164352 307.238100 -6.300770 0.020000
910100151064131712 307.448080 -15.910320 0.020000
909140151064169088 307.541020 -14.809280 0.020000
1006130121084195584 308.058370 -11.433560 0.020000
1408310011104136448 308.526490 -1.967030 0.020000
