1509181120094101248 24.708300 11.354240 0.020000
1309151040094142464 24.724360 5.377200 0.020000
1001160010094128512 24.768680 -0.620050 0.020000
1111271180094145792 24.769420 19.500650 0.020000
1309130040094143744 24.804220 -2.877950 0.020000
1310301180094105344 24.828680 17.238370 0.020000
1602041320084151296 24.883380 33.826680 0.020000
712151070094103936 24.935410 5.996400 0.020000
1301130120094138368 25.099640 -11.586280 0.020000
712151070094117376 25.112220 7.258080 0.020000
1511080070094101248 25.170080 -8.386290 0.020000
1510031150094132224 25.216750 16.427880 0.020000
1509251290084131840 25.319630 30.268580 0.020000
1210090090094131200 25.332790 -9.562050 0.020000
1402091120094104576 25.405240 11.675120 0.020000
1011271090094109952 25.460010 9.139330 0.020000
1309021380084117760 25.530890 37.387320 0.020000
1210081210094133248 25.686530 21.657910 0.020000
1511301260094129408 25.743510 27.569580 0.020000
1410291260094118912 25.769540 26.642500 0.020000
