1503131320484105216 155.363000 31.383270 0.020000
712061210534104320 155.375640 20.002060 0.020000
1305081400434135552 155.452540 41.740400 0.020000
1401091350464102144 155.493040 33.983790 0.020000
1312111070554116608 155.574850 6.666940 0.020000
1204281380454105088 155.682190 37.120580 0.020000
803121010564140800 155.686060 2.297920 0.020000
1503151570314128128 155.694050 58.426130 0.020000
1301120070554118400 155.694780 -7.485920 0.020000
1204221570314133248 155.695560 58.426860 0.020000
1204281430424107008 155.759370 42.875500 0.020000
1202241430424107008 155.820810 42.789670 0.020000
902221430424130560 155.834520 44.086100 0.020000
1201191290494112768 155.850410 28.947490 0.020000
1103021180544101248 155.857370 16.957470 0.020000
1502251150544110336 155.862940 14.796760 0.020000
1502211010564118784 155.934750 1.380400 0.020000
1502141320484142336 155.948470 33.813190 0.020000
1212091210534111232 155.950380 20.394040 0.020000
1501221260514115328 155.953200 26.503640 0.020000
