1303141150634143744 180.631080 16.759420 0.020000
1204160090644123136 180.665010 -9.960650 0.020000
1505111290574126080 180.670160 29.841760 0.020000
1001081010654134912 180.695290 2.401700 0.020000
912181150634122752 180.730350 15.584010 0.020000
1301091150634114304 180.744970 14.777240 0.020000
1401260010654128384 180.778810 -1.025560 0.020000
805051150634115328 180.855010 15.287300 0.020000
1403051010654130688 180.880450 2.042830 0.020000
1306091490444104704 180.889870 48.300400 0.020000
1201210070644128512 180.956740 -7.106260 0.020000
1503211010654104064 180.986860 0.262660 0.020000
1302141010654105856 180.987630 0.263080 0.020000
805011040654139904 181.160730 5.402680 0.020000
1403121120644122368 181.205710 12.842220 0.020000
1301130150634137600 181.325860 -14.933630 0.020000
1302141010654143744 181.414520 2.405260 0.020000
1412301040654135040 181.434930 5.149810 0.020000
1411301070654118144 181.457430 6.751410 0.020000
1604260070654121984 181.486830 -6.691800 0.020000
