1011281400464127104 165.746090 41.755980 0.020000
1412301120594110720 165.764700 11.971370 0.020000
1304161210564120064 165.870290 21.051160 0.020000
901190070594106240 165.971900 -8.060790 0.020000
1404041180574118400 166.002850 18.146080 0.020000
712160040604111616 166.027690 -4.859550 0.020000
1206191290534127360 166.060410 30.376870 0.020000
1603161460424106496 166.177790 45.651260 0.020000
1205291570334115840 166.185110 57.769380 0.020000
1403261430444108032 166.191680 42.921160 0.020000
1112291320514129024 166.196670 32.883380 0.020000
1401281290534127360 166.237990 30.022740 0.020000
1406221230554103808 166.259490 22.871360 0.020000
1204150090594144512 166.324760 -8.581380 0.020000
1203270010604115456 166.333650 -1.868100 0.020000
1602051320514127104 166.339180 32.933070 0.020000
905281070594139776 166.471070 8.132670 0.020000
1505281520384130560 166.526930 53.200300 0.020000
1605290010604136704 166.537580 -0.241530 0.020000
1406221180574116352 166.559220 18.292340 0.020000
