1309031180084122368 20.672940 18.281880 0.020000
711121120084111104 20.801110 12.138330 0.020000
1311261040084101888 20.968420 2.916400 0.020000
1510090040084109312 20.969830 -4.932780 0.020000
1411290210084128512 21.019710 -20.368680 0.020000
1611071230074109184 21.027940 23.185410 0.020000
1409251040084105472 21.042820 3.193320 0.020000
1110061400064119808 21.093110 40.398940 0.020000
1112280090084117248 21.194600 -10.095970 0.020000
1510140260074126592 21.224850 -26.160590 0.020000
810090180084119808 21.345990 -18.172280 0.020000
1510090090084228096 21.347550 -9.294840 0.020000
1408311070084122368 21.378320 7.047610 0.020000
1211121320074127104 21.414040 32.385690 0.020000
1211070040084107264 21.415830 -5.233620 0.020000
1201211040084125184 21.466310 4.512830 0.020000
911101120084103296 21.551540 11.504320 0.020000
1110161180084108544 21.563670 17.802150 0.020000
1010091260074104448 21.570530 25.605360 0.020000
1512081380074130944 21.630320 38.527250 0.020000
