1605271430534116352 198.378110 43.529630 0.020000
1102121070714133376 198.516860 7.670360 0.020000
1404251230664105472 198.608060 22.919260 0.020000
1602121380574132224 198.614940 38.832550 0.020000
1502091380574127360 198.615240 38.832620 0.020000
1606141490484110080 198.619430 48.776970 0.020000
1106091430534110592 198.632790 43.192740 0.020000
1606141430534127872 198.633810 44.694180 0.020000
904201070714124544 198.659380 6.966820 0.020000
1605261090714104576 198.676300 8.777650 0.020000
1504231350594112768 198.720430 34.703560 0.020000
1603181320614102272 198.737560 31.194840 0.020000
1406201210674128384 198.760960 22.146100 0.020000
1204271520454138368 198.796480 53.281690 0.020000
1203171430534109184 198.809880 42.796360 0.020000
1306140180684124928 198.811650 -17.965420 0.020000
1503131150694104832 198.815620 14.421480 0.020000
903191290634132736 198.826030 30.197680 0.020000
1305180120704115200 198.870680 -13.134020 0.020000
1301080040714113536 198.898060 -4.893430 0.020000
