1511201210584125184 171.048990 21.359890 0.020000
1603311320534109696 171.051000 31.729840 0.020000
1305021230574116096 171.061170 23.675810 0.020000
802080010614122496 171.092720 -1.182840 0.020000
1101161380494104960 171.174200 36.978370 0.020000
1401011460434129408 171.232890 46.941370 0.020000
1302141180594119680 171.265300 17.934390 0.020000
1102261230574109056 171.290320 23.176720 0.020000
1502261070614131968 171.330300 8.238400 0.020000
1202011230574141952 171.352810 25.267710 0.020000
1302171350514112000 171.375140 34.568190 0.020000
803101180594123136 171.433440 18.388090 0.020000
1003130090614136704 171.444630 -8.828160 0.020000
1405051260564102144 171.523690 25.524840 0.020000
905251230574105472 171.526340 23.005750 0.020000
1212101150604109312 171.561490 14.677630 0.020000
1301061090614105600 171.580990 8.780830 0.020000
1602131350514124032 171.596620 35.484020 0.020000
1306090010624110336 171.604600 -1.872490 0.020000
802270090614112896 171.641580 -10.036160 0.020000
