1000481 24.190860 -19.630297 0.020000
1000482 24.200780 15.791903 0.020000
1000483 24.240240 9.596393 0.020000
1000484 24.241200 9.596263 0.020000
1000485 24.254380 -9.176457 0.020000
1000486 24.318470 -9.204487 0.020000
1000487 24.367680 25.613943 0.020000
1000488 24.382390 -3.930297 0.020000
1000489 24.405100 30.080183 0.020000
1000490 24.421410 22.086713 0.020000
1000491 24.436600 12.245203 0.020000
1000492 24.554470 21.219213 0.020000
1000493 24.610640 2.976223 0.020000
1000494 24.634480 -16.417827 0.020000
1000495 24.637740 22.465593 0.020000
1000496 24.650480 -4.646507 0.020000
1000497 24.652080 -19.459927 0.020000
1000498 24.707310 11.389263 0.020000
1000499 24.707780 11.388303 0.020000
1000500 24.708300 11.387573 0.020000
