1404021490464119040 191.913090 49.262930 0.020000
1203291150674137856 191.940810 16.180960 0.020000
1605111090684118272 191.996530 9.668790 0.020000
1301091180664133632 192.024090 18.584120 0.020000
1503160260624130560 192.035100 -26.666220 0.020000
905161070684127616 192.080690 7.347190 0.020000
1103301320594118144 192.106620 32.257720 0.020000
1605081630324133632 192.111800 64.476950 0.020000
1303141070684112896 192.187790 6.343850 0.020000
1205151040694133248 192.194750 4.996210 0.020000
902191010694143360 192.205450 2.651430 0.020000
1406021490464109824 192.211510 48.664850 0.020000
906151010694107520 192.278050 0.528340 0.020000
1104261120684119552 192.280700 12.614270 0.020000
802141120684132096 192.413230 13.770180 0.020000
1304151430514135296 192.464100 44.497310 0.020000
1302051070684112640 192.475890 6.344620 0.020000
1003130090684107136 192.576700 -10.835820 0.020000
1203211070684117248 192.581420 6.516070 0.020000
804040090684106112 192.626490 -10.867040 0.020000
