1604271210714110720 210.333960 20.544320 0.020000
1403271260684135424 210.334320 27.869710 0.020000
1112251150734136064 210.339960 16.284650 0.020000
1403110010754106368 210.421730 -2.441440 0.020000
1306041210714113536 210.457660 20.570010 0.020000
1606141460534112768 210.512950 46.226110 0.020000
1204240120744152064 210.567710 -11.352360 0.020000
1503130150734146304 210.581290 -14.187120 0.020000
1403100210714110464 210.610290 -22.067070 0.020000
1203271070754115072 210.742510 6.491100 0.020000
1607071290674126080 210.838410 30.132050 0.020000
1303171290674135296 210.839380 30.132090 0.020000
1404021520484105984 210.845580 51.165510 0.020000
1206181320654120192 210.877860 32.593970 0.020000
1306061400584110848 210.891470 40.218570 0.020000
1404281490514112768 210.911720 48.861090 0.020000
1403261380614133760 210.969450 39.040020 0.020000
1406281120744111616 210.996230 12.029460 0.020000
1503251520484113920 211.108490 51.737990 0.020000
904231230704147456 211.145530 25.283630 0.020000
