810311290084135936 23.376230 30.475990 0.020000
1201251290084153344 23.413730 30.966170 0.020000
1109241350074121344 23.428920 34.810320 0.020000
809241320084106624 23.456900 31.300460 0.020000
1110030260084132992 23.484850 -25.869540 0.020000
909111150094104448 23.513240 14.422870 0.020000
1509130010094135040 23.536970 -0.297930 0.020000
1411171320084101120 23.659590 31.085300 0.020000
1209210010094134016 23.685630 -0.583310 0.020000
1110171150094126976 23.698200 16.239670 0.020000
711131290084146688 23.710580 30.868630 0.020000
908170090094126336 23.732710 -9.940460 0.020000
1509251400074138880 23.783440 41.122480 0.020000
1410261400074153984 24.002650 41.636320 0.020000
1509201180094110976 24.018770 17.567650 0.020000
1202181120094104576 24.074140 11.689590 0.020000
810311320084103552 24.115720 31.175230 0.020000
1409201210094112768 24.134060 20.471580 0.020000
1611071180094131968 24.144160 19.575690 0.020000
1012101320084121472 24.154230 32.011130 0.020000
