1004421 236.117160 33.990253 0.020000
1004422 236.145650 12.824523 0.020000
1004423 236.208940 -11.856287 0.020000
1004424 236.300710 37.505193 0.020000
1004425 236.411930 -20.573817 0.020000
1004426 236.437050 44.508353 0.020000
1004427 236.444710 -7.448477 0.020000
1004428 236.611840 30.386433 0.020000
1004429 236.640680 27.272003 0.020000
1004430 236.719820 37.937503 0.020000
1004431 236.725790 38.343753 0.020000
1004432 236.730140 -12.215137 0.020000
1004433 236.884470 23.057193 0.020000
1004434 236.907000 21.493363 0.020000
1004435 236.931170 31.405693 0.020000
1004436 237.073120 15.572593 0.020000
1004437 237.210770 35.335953 0.020000
1004438 237.215620 62.996913 0.020000
1004439 237.339210 21.942303 0.020000
1004440 237.351190 28.475903 0.020000
