1310021400344113152 120.020920 40.092190 0.020000
1601211180424141824 120.141080 19.404580 0.020000
1503101090434158848 120.372190 10.713950 0.020000
1403221260394233600 120.532950 26.942920 0.020000
803081070434144000 120.559680 7.503830 0.020000
1512061090434120960 120.672040 9.292030 0.020000
903231400344138368 120.695710 41.792010 0.020000
1301031150424151552 120.716690 16.470330 0.020000
1410181260394104064 120.727000 25.579420 0.020000
1104041230404151936 120.766670 25.274490 0.020000
1501191350364120576 120.772910 34.942220 0.020000
1301031350364121344 120.773330 34.943020 0.020000
1102121350364121344 120.773550 34.943840 0.020000
1411271290384124416 120.773870 29.407450 0.020000
802101120434114944 120.775360 11.855770 0.020000
1103281290384113024 120.779100 28.815590 0.020000
1310141210414137856 120.815970 21.503750 0.020000
911161350364152320 121.118480 36.517840 0.020000
911161380354109440 121.225840 37.130930 0.020000
810251400344125440 121.307770 40.840160 0.020000
