1409140090064112640 15.279340 -10.311110 0.020000
1312261260054126848 15.369650 26.917520 0.020000
1608291180064102912 15.398210 17.101290 0.020000
1310230230064121344 15.403740 -23.639840 0.020000
1512051010064104448 15.423870 0.331140 0.020000
1309300180064109568 15.489500 -19.114510 0.020000
1310041210064115712 15.596920 20.556270 0.020000
711020040064121984 15.641830 -3.714750 0.020000
1310120210064111360 15.674750 -21.873300 0.020000
909170180064103936 15.681790 -19.462600 0.020000
1309250010064131072 15.704490 -0.741820 0.020000
1011141010064107264 15.715070 0.461060 0.020000
1309300150064136448 15.771670 -14.580000 0.020000
1512050010064119040 15.780780 -1.256220 0.020000
1101161320054126592 15.870790 33.306120 0.020000
1310041400054104576 16.027280 39.638210 0.020000
910090040064127872 16.048360 -3.228180 0.020000
1409251180064135424 16.072140 19.366810 0.020000
911091010064138624 16.111820 2.173050 0.020000
1109210010064139520 16.120380 -0.151890 0.020000
