1006121320624133632 202.721520 33.382850 0.020000
1102251290644119424 202.757770 29.538180 0.020000
1602160090724131072 202.774190 -9.519790 0.020000
1601181260664126976 202.792950 27.213690 0.020000
1002160150704114816 202.837830 -16.185410 0.020000
1203011230674219776 202.982990 23.901440 0.020000
1205141090724110592 203.007780 9.217840 0.020000
1501181350604111360 203.037210 34.690920 0.020000
1306201260664112896 203.055960 26.425310 0.020000
1102121070724121856 203.066830 7.020250 0.020000
1405031230674123008 203.122120 24.198830 0.020000
1504011460514114816 203.123330 46.434320 0.020000
1404231090724108288 203.166960 9.042440 0.020000
1104271460514137472 203.188460 47.373300 0.020000
1306131260664124928 203.204590 27.012500 0.020000
1604011210694104832 203.230820 20.050030 0.020000
1303181600384129024 203.315410 60.925140 0.020000
1503251570414137088 203.345570 58.725390 0.020000
1602131260664141824 203.399690 28.169020 0.020000
1103130180704131584 203.403560 -17.885250 0.020000
