1410181211094157824 323.224050 21.533280 0.020000
804041151124139392 323.289300 15.834530 0.020000
1111160181114122496 323.420390 -18.540560 0.020000
1509300091154110464 323.547470 -10.703260 0.020000
1205290071154112000 323.600050 -7.986280 0.020000
811200011164134272 323.634600 -1.344470 0.020000
1511080041164145152 323.721540 -3.487870 0.020000
1005240011164146560 323.754060 -0.513280 0.020000
1209141231074142464 323.831850 23.762150 0.020000
1209211231074134528 323.978340 23.612250 0.020000
1405061121144108544 324.011010 11.602070 0.020000
1606081151124152320 324.024870 15.827400 0.020000
1609260231074102784 324.124410 -25.230070 0.020000
1408310011164108032 324.209550 -2.468880 0.020000
1305200041164103936 324.241100 -5.519350 0.020000
1210041071154132224 324.257690 7.246060 0.020000
805110011164152576 324.353930 -0.237880 0.020000
1005240011164150656 324.623090 -0.295000 0.020000
1409140071154101760 324.894660 -8.361400 0.020000
911190011164102528 324.906570 -2.653520 0.020000
