1004261 228.736440 23.719463 0.020000
1004262 228.747300 48.834693 0.020000
1004263 228.748100 48.833673 0.020000
1004264 228.841710 17.043643 0.020000
1004265 228.878340 19.222443 0.020000
1004266 228.909790 19.224103 0.020000
1004267 229.054380 -9.884417 0.020000
1004268 229.057490 3.519483 0.020000
1004269 229.197060 28.662023 0.020000
1004270 229.205170 36.872893 0.020000
1004271 229.308620 -7.137147 0.020000
1004272 229.371350 -1.552717 0.020000
1004273 229.568050 24.350353 0.020000
1004274 229.637590 31.358633 0.020000
1004275 229.647970 39.706813 0.020000
1004276 229.650200 -5.767547 0.020000
1004277 229.681230 15.979513 0.020000
1004278 229.873230 -24.633757 0.020000
1004279 229.956030 2.555433 0.020000
1004280 229.983020 5.438613 0.020000
