1504301520404124928 177.192770 53.085300 0.020000
1105061460454102400 177.195200 45.379110 0.020000
1205201460454102016 177.196170 45.378610 0.020000
1512101180614122496 177.259040 18.617300 0.020000
905181350534107776 177.293390 34.414570 0.020000
1204021550384131584 177.305670 55.920210 0.020000
1101161380514121728 177.305880 38.407390 0.020000
1104260180614119680 177.323360 -18.386980 0.020000
1402271090634101760 177.371630 8.575470 0.020000
1601311040644129792 177.438430 4.964940 0.020000
1601311150624119808 177.440290 15.444530 0.020000
1412241090634108672 177.506250 9.037380 0.020000
1201261230594143488 177.526670 25.051730 0.020000
1302141230594128384 177.526920 24.064900 0.020000
1003161230594124032 177.527480 24.065590 0.020000
1605031230594100736 177.619150 22.612230 0.020000
1505101210604118528 177.648000 21.041920 0.020000
1503281040644128768 177.677770 4.797940 0.020000
1103041070634134400 177.686000 8.031010 0.020000
1605281010644131072 177.727000 2.307170 0.020000
