1000801 40.722530 38.100933 0.020000
1000802 40.801930 24.326073 0.020000
1000803 40.808570 19.990843 0.020000
1000804 40.828580 20.635543 0.020000
1000805 40.975420 -16.020497 0.020000
1000806 41.048790 30.220263 0.020000
1000807 41.061120 41.604043 0.020000
1000808 41.144460 19.906153 0.020000
1000809 41.237070 35.545293 0.020000
1000810 41.238430 -4.788247 0.020000
1000811 41.239240 35.413693 0.020000
1000812 41.240800 27.552553 0.020000
1000813 41.321850 33.557143 0.020000
1000814 41.331990 -2.907737 0.020000
1000815 41.374050 -17.492507 0.020000
1000816 41.404970 -11.177617 0.020000
1000817 41.509930 34.952273 0.020000
1000818 41.530110 -7.609387 0.020000
1000819 41.566870 -4.961047 0.020000
1000820 41.567740 -4.961907 0.020000
