1110010040154108544 41.567740 -4.995240 0.020000
1310050040154108672 41.568680 -4.996280 0.020000
1509250040154107904 41.569620 -4.997320 0.020000
1502201150154134016 41.640930 16.417110 0.020000
1212021350134124032 41.885980 34.974430 0.020000
908300010154119808 41.966460 -1.347610 0.020000
812201210154117760 42.055330 21.179790 0.020000
1601121290144125440 42.057550 29.641550 0.020000
1011101070154125824 42.154790 7.403280 0.020000
1010291320134122752 42.187430 32.110920 0.020000
1110300070154106496 42.207060 -8.075050 0.020000
1311021400124123136 42.209410 40.246770 0.020000
1110310180154126208 42.232870 -18.118800 0.020000
1110190180154119808 42.233210 -18.118770 0.020000
809231230144114304 42.316090 23.610440 0.020000
1010101380134129792 42.500580 37.656160 0.020000
1009161040164122240 42.508860 4.369720 0.020000
1611070010164112128 42.532470 -1.840960 0.020000
1211201320134127616 42.573390 32.411080 0.020000
1212121070164123904 42.602180 7.038450 0.020000
