1406201600484135424 257.527630 61.152940 0.020000
1605131260844127488 257.599720 26.396770 0.020000
1405091460654137088 257.676440 46.921570 0.020000
1304211180894173696 257.721170 19.510450 0.020000
1004131380744132736 257.761540 38.101020 0.020000
1005231260844160256 258.012200 27.903050 0.020000
905161350764160256 258.096220 36.421070 0.020000
1305291600484134912 258.151650 61.558110 0.020000
1604191400724134144 258.195170 41.194130 0.020000
1204241320794103296 258.207860 31.118770 0.020000
906170070924226304 258.242030 -6.049100 0.020000
1305291600484123136 258.529850 60.789880 0.020000
1104141430694136960 258.579920 43.998680 0.020000
1406271320804103680 258.629060 31.157010 0.020000
1106231070924122752 258.693540 6.384370 0.020000
1209261350774119424 258.740650 34.798280 0.020000
1005190070924141568 258.987960 -7.792840 0.020000
1303181090924175872 259.133930 10.264370 0.020000
1206191120914106880 259.166900 11.479390 0.020000
1203221400724153088 259.192680 41.716870 0.020000
