1212211320424112640 136.751680 31.751340 0.020000
1212071120484110592 136.771630 11.842140 0.020000
1312281040494120704 136.827100 3.823730 0.020000
1501221320424134400 136.869170 33.078180 0.020000
711051400384124672 136.997260 41.423240 0.020000
1410261430374138112 137.176930 44.804130 0.020000
1101251070494126464 137.217380 7.277770 0.020000
1104041150484138240 137.259110 16.564900 0.020000
712141090494112512 137.268250 9.287090 0.020000
803081090494138624 137.283310 11.187590 0.020000
1512031400384108800 137.346150 40.098770 0.020000
1602171490334121216 137.353500 49.655270 0.020000
1201191490334131200 137.354550 49.655910 0.020000
1202260120494134784 137.375210 -12.804110 0.020000
801301180474127744 137.460480 18.829750 0.020000
1202260210474151424 137.473540 -20.957030 0.020000
904171120494142080 137.495560 14.020290 0.020000
1402181150484139776 137.506870 16.805390 0.020000
1411231520314124032 137.507520 52.315660 0.020000
1602041010494128128 137.512840 1.600910 0.020000
