1607081040824147712 229.983020 5.405280 0.020000
1003261210784136576 229.988880 22.331500 0.020000
1306101400644123136 230.031570 40.799580 0.020000
1209191290734112768 230.131360 29.008470 0.020000
1103011040824130176 230.157770 4.163260 0.020000
1503251040824135680 230.202920 5.010440 0.020000
1105081150804135680 230.251220 15.967540 0.020000
1303311550494130944 230.346270 55.755310 0.020000
1403281210784113152 230.431920 20.500430 0.020000
1602081400644119296 230.454210 40.824450 0.020000
804071040824102528 230.486960 2.901180 0.020000
1104061260754113664 230.494840 26.206440 0.020000
1107031180794128768 230.527420 18.625350 0.020000
804271290734130304 230.676230 30.368880 0.020000
1203281070824134400 230.757070 7.194790 0.020000
1403261180794121984 230.826900 18.292730 0.020000
1004091010834147968 230.841020 2.316940 0.020000
1604151090824116736 230.887760 9.356860 0.020000
1006181180794136064 230.921990 18.856900 0.020000
1406251180794109184 230.961330 17.460790 0.020000
