1401011430494144768 183.971720 45.097590 0.020000
1106300040664124288 184.030030 -3.575240 0.020000
712161090654124928 184.123450 10.384140 0.020000
902241460474106496 184.154350 45.552280 0.020000
806111400514116352 184.173050 41.036440 0.020000
1406200040664128000 184.179880 -3.433590 0.020000
1302231400514120448 184.214380 41.336240 0.020000
1001151260604105088 184.293690 25.666300 0.020000
1305091120654118400 184.308480 12.251010 0.020000
1203300120654103040 184.348350 -13.939050 0.020000
905181400514125184 184.376420 41.224750 0.020000
1004041120654104448 184.377790 11.505590 0.020000
1102261260604109568 184.402910 25.868590 0.020000
1005160010664132992 184.494680 -0.496110 0.020000
1103111070664105728 184.532100 5.983430 0.020000
1104260180644122368 184.563170 -18.195680 0.020000
1105061520424116864 184.607900 52.101210 0.020000
1101041070664219904 184.643140 6.997260 0.020000
1204300010664124928 184.645540 -1.331810 0.020000
1603270150644120832 184.694330 -15.395310 0.020000
