1511301320064125440 16.834670 32.399710 0.020000
1608301230064121344 16.841570 23.962000 0.020000
1310281150064101120 16.895320 14.169170 0.020000
1010311350054106112 16.954270 34.209910 0.020000
1209261350054108928 16.955240 34.210160 0.020000
1509251350054106112 16.956640 34.210590 0.020000
908161320064121856 16.957410 32.399270 0.020000
1412121040074128128 16.971770 4.821560 0.020000
909111210064128256 17.003210 21.868960 0.020000
1012130150064120064 17.087180 -15.435690 0.020000
1010120150064102016 17.088780 -16.730350 0.020000
1610011180064110592 17.326340 17.797070 0.020000
1308281290064131072 17.345560 29.825560 0.020000
1012060090074115712 17.380650 -10.218140 0.020000
1309151070074113280 17.426290 6.408000 0.020000
1310150260064106752 17.442480 -27.756630 0.020000
1510081120074130944 17.444770 13.308040 0.020000
809301210064140032 17.447510 22.253550 0.020000
811191040074140288 17.495210 5.255830 0.020000
1110230090074112384 17.678830 -10.545370 0.020000
