1502110210474165504 137.572720 -20.136820 0.020000
1503111070494137088 137.639360 7.779940 0.020000
1602031460354120192 137.671180 46.594960 0.020000
1301081630234143232 137.706650 64.635680 0.020000
911261150484123392 137.745870 15.611410 0.020000
910181210474104320 137.788350 19.995890 0.020000
1202260210474119936 137.792260 -22.036780 0.020000
804041070494148352 137.800930 8.332660 0.020000
1103141320434111872 137.945860 31.850570 0.020000
811061090494119424 138.181780 9.929960 0.020000
1101140040504131968 138.191400 -3.821110 0.020000
1502071400394138880 138.342070 42.189770 0.020000
712201090494135424 138.358140 10.753060 0.020000
1311101260454111744 138.377180 26.098080 0.020000
1101140180484163456 138.475210 -17.010920 0.020000
1203160070494138880 138.558230 -6.795700 0.020000
1402281260454115328 138.577860 26.396460 0.020000
1410291350414137088 138.589760 36.654560 0.020000
1311101380404110848 138.652870 37.311880 0.020000
811071120494103936 138.723270 11.567170 0.020000
