1606160041244108544 346.626710 -5.043700 0.020000
1210051071234141440 346.790110 8.034050 0.020000
909261291094132480 346.797270 29.669570 0.020000
1609041041244101632 346.839470 2.907880 0.020000
1609251231144129792 346.859050 24.475340 0.020000
907311151204109824 346.891600 14.838180 0.020000
711031091234108800 346.958200 9.090210 0.020000
1309161261124106752 347.056580 25.728180 0.020000
1109221321074116352 347.114110 31.674360 0.020000
1308281321074116608 347.115120 31.674500 0.020000
1510011321074114560 347.116130 31.674700 0.020000
908181261124104832 347.126460 25.694750 0.020000
1410251400964135424 347.146380 40.592830 0.020000
811071091234107520 347.205230 9.081800 0.020000
1609221041244110336 347.340190 3.539270 0.020000
908191381004110976 347.408510 37.120820 0.020000
1010301071234101248 347.431570 5.698950 0.020000
1508221181194138880 347.447130 18.936280 0.020000
1509300121224131584 347.471850 -11.777960 0.020000
1607101381004167936 347.505740 39.275040 0.020000
