1304011090684111104 192.630850 9.138050 0.020000
1004150010694108672 192.637010 -2.307910 0.020000
1204181210654142208 192.702120 22.374530 0.020000
1304151460494144256 192.720610 47.720520 0.020000
1412301010694113024 192.776700 0.920240 0.020000
1101280010694114816 192.826510 -2.035420 0.020000
1203221090694114816 192.908820 9.258180 0.020000
1304141400544127744 192.944980 41.050270 0.020000
1306071430514125312 192.975490 44.172260 0.020000
907301180664110080 193.079590 17.831190 0.020000
1204200210654105344 193.119250 -22.241090 0.020000
1303011350574103296 193.207390 34.135540 0.020000
806111400544107520 193.227190 40.210630 0.020000
1103281070694141568 193.230080 7.781030 0.020000
1401021320604121856 193.243110 32.418220 0.020000
803061150674129920 193.245630 16.420560 0.020000
1103020040694102784 193.390620 -5.528580 0.020000
1112241010694129408 193.482300 1.735720 0.020000
1002171320604132096 193.485850 32.818860 0.020000
1504101290614113280 193.491240 29.074290 0.020000
