1002141040704124928 195.454840 4.288440 0.020000
1504110210664140288 195.475040 -20.451010 0.020000
1104010180674132864 195.532270 -17.778260 0.020000
1203221150684107776 195.556000 14.528180 0.020000
1306091520454205184 195.624670 51.121210 0.020000
1206181260644127744 195.640240 27.436480 0.020000
1504291690274115584 195.657860 69.047900 0.020000
804071180674120576 195.688240 18.263970 0.020000
1602281320604131584 195.715820 33.666300 0.020000
1403121570394120192 195.718480 57.810530 0.020000
1104120040704127360 195.723180 -4.043190 0.020000
1104271490474132992 195.726300 49.874760 0.020000
803291090704132736 195.744780 10.507510 0.020000
905171230654131584 195.763330 24.565590 0.020000
1302140040704148224 195.765670 -3.035350 0.020000
1304121260644109568 195.820690 26.054140 0.020000
1603141070704109824 195.871230 6.239530 0.020000
1504091210664127232 195.925170 21.977180 0.020000
1111281210664105856 195.973780 19.954300 0.020000
1105261210664103936 196.024990 20.063400 0.020000
