910230090264109696 72.024250 -10.692910 0.020000
1410151210254172928 72.134390 22.104120 0.020000
1101140180254114432 72.261160 -18.691360 0.020000
1011030120264112896 72.265340 -13.384450 0.020000
1302051040264151040 72.266970 5.055720 0.020000
1512161180254136832 72.342220 18.559220 0.020000
1610051040264101120 72.375330 2.865070 0.020000
1503091260244108032 72.447120 25.695930 0.020000
1410241320234117632 72.492150 31.467320 0.020000
1211230090264132096 72.582590 -9.520220 0.020000
1012100090264109952 72.624220 -10.738060 0.020000
1401281210254108160 72.664690 20.023920 0.020000
1202121260244130304 72.791550 26.443760 0.020000
1111161120264111872 73.260870 11.966800 0.020000
1501181380214168320 73.320250 38.274740 0.020000
1311271070264129280 73.337030 7.555320 0.020000
811191120264139008 73.346100 13.018010 0.020000
1111010210254112000 73.406690 -21.867230 0.020000
1003201010274111488 73.450800 0.604980 0.020000
1101031290244193024 74.017900 30.575880 0.020000
