1209141181134129664 330.325750 17.946320 0.020000
1606160041184142336 330.508240 -3.121310 0.020000
1410120121164106496 330.763190 -13.751460 0.020000
1110211151144101376 330.866170 14.182940 0.020000
1406281291044199680 330.867550 30.943610 0.020000
1010110071174108800 331.114240 -7.978120 0.020000
910191071174104192 331.207310 5.814530 0.020000
1104261121164126976 331.215690 12.770290 0.020000
1505190011184112384 331.216050 -2.133210 0.020000
909121011184202240 331.310790 0.146020 0.020000
1105201121174113536 331.474920 11.931620 0.020000
1109211291054157056 331.671070 30.243280 0.020000
1209131041184139264 331.685910 4.805590 0.020000
909171181144125440 331.720530 18.023610 0.020000
1411160151154127616 331.742080 -15.238230 0.020000
1206141011194124032 332.182460 1.134940 0.020000
1106281211124109952 332.239510 20.077700 0.020000
1607060121174118656 332.255310 -12.879670 0.020000
1409020181144129024 332.334230 -18.202090 0.020000
1112271181144146560 332.541380 18.905050 0.020000
