902261090584103168 162.841970 8.578530 0.020000
1201011660254139904 162.845060 67.424400 0.020000
1605051150574104064 162.893250 14.396690 0.020000
902200090584103680 162.909720 -11.122710 0.020000
1005121260534125312 162.954260 27.611940 0.020000
1511191320504138240 162.971960 33.702190 0.020000
1103051320504137856 163.003180 33.337530 0.020000
1303030120584109056 163.025270 -13.573270 0.020000
1302111070584108288 163.035860 6.107260 0.020000
1101150070584108160 163.049660 -7.989480 0.020000
1004080070584127104 163.063600 -6.724020 0.020000
1401291400454124800 163.139230 41.078170 0.020000
802280070584107904 163.253380 -7.948870 0.020000
1206091490394141952 163.291750 50.566070 0.020000
1301181150574139392 163.344210 16.776350 0.020000
902221290524138752 163.501060 30.600440 0.020000
1206151180564122112 163.501600 18.478810 0.020000
902021010594119936 163.529790 1.043270 0.020000
801111180564103040 163.565700 17.087240 0.020000
1303141350494127872 163.591030 35.628560 0.020000
