1306121211114135552 327.338230 21.062790 0.020000
1609260091164137472 327.364970 -9.008690 0.020000
1209220121154133760 327.392450 -12.318940 0.020000
1010311181124161408 327.446820 19.346640 0.020000
907221121154134400 327.499740 12.757920 0.020000
807011071164121600 327.560730 6.628160 0.020000
1110241071164105600 327.639340 5.926340 0.020000
1608310211114109696 327.657130 -21.955250 0.020000
1309231231084113408 327.691080 23.012260 0.020000
1607080121154133248 327.991420 -12.364190 0.020000
1511110151134121984 327.998630 -15.237520 0.020000
1005041181134116096 328.103280 17.577060 0.020000
1009160011174125184 328.107010 -1.480610 0.020000
1605101211114154240 328.211840 21.829110 0.020000
1011270121154113408 328.380670 -13.312910 0.020000
1409261321014150400 328.434570 32.246220 0.020000
905261121154132352 328.436260 12.590100 0.020000
1508201091164138752 328.451070 10.056910 0.020000
1306041151144145408 328.613280 15.953840 0.020000
806061011174104704 328.673710 0.164020 0.020000
