1012031010504122240 138.809810 1.371230 0.020000
1204231150484101120 138.923330 14.160770 0.020000
1003131090504109312 138.965320 9.013770 0.020000
1511101520324139520 138.975690 53.418330 0.020000
1312241520324140032 138.976760 53.418870 0.020000
1111031520324144256 138.977680 53.419530 0.020000
911061520324139264 138.978680 53.420210 0.020000
1003141260454126720 138.982010 27.162200 0.020000
1302141210474143488 138.990320 22.389690 0.020000
1302141260454138112 139.012250 27.573770 0.020000
1410261400394107392 139.028520 39.981650 0.020000
905131210474115712 139.062580 20.753930 0.020000
1204161070504138752 139.127370 7.838940 0.020000
1003131120494127488 139.144340 13.066060 0.020000
1610121600264129024 139.182900 61.403970 0.020000
1312241180484108800 139.201900 17.493120 0.020000
909221290444111488 139.211350 28.828700 0.020000
1103111090504132096 139.267660 10.577300 0.020000
1104301320434110464 139.291030 31.719040 0.020000
903190040504108800 139.337620 -5.144240 0.020000
