1306181320584102400 186.621830 31.227210 0.020000
1502191350554117376 186.644710 35.219360 0.020000
901280040674142848 186.753940 -2.978460 0.020000
1202021070664129024 186.775540 7.500310 0.020000
903271090664106112 186.863340 8.950530 0.020000
802030120664136832 186.866860 -11.541370 0.020000
1107011040674116864 186.901580 4.163750 0.020000
1103121520434112512 186.920360 51.657040 0.020000
1501231400524105216 186.926630 39.822820 0.020000
903171260614118272 186.965620 26.432950 0.020000
1103021230624105216 186.983010 22.812710 0.020000
1105031630324106496 186.986540 62.492910 0.020000
1501181320584134400 187.060130 33.765550 0.020000
1603161520434141952 187.299650 53.552420 0.020000
1303231520434129408 187.301220 53.552380 0.020000
1502071520434133760 187.301530 53.546430 0.020000
1103261320584123008 187.406240 32.559300 0.020000
1306061290594125568 187.437410 29.867130 0.020000
1602160040674118400 187.440090 -4.362790 0.020000
1002171350564137600 187.440380 35.974870 0.020000
