1107021180094118144 25.949260 18.214340 0.020000
901171180094109312 26.014980 17.598930 0.020000
1107011120104119936 26.033280 12.803370 0.020000
1510151010104109568 26.094060 0.673380 0.020000
1509201150104137472 26.240220 16.342430 0.020000
810311380084125824 26.263720 37.942550 0.020000
1509241150104120320 26.321020 15.266530 0.020000
1010171260094102144 26.382960 25.537580 0.020000
908301040104118528 26.388130 4.300600 0.020000
1109241290094101504 26.409390 28.361270 0.020000
1001160040104114816 26.447320 -4.541600 0.020000
1211131180104107264 26.457700 17.299940 0.020000
1107011150104107904 26.460500 14.583860 0.020000
711020120104124928 26.490940 -11.757360 0.020000
1510140230094136576 26.514270 -22.801860 0.020000
1410170230094105344 26.539310 -24.999200 0.020000
910161260094136576 26.558120 27.448100 0.020000
1509201180104125184 26.610590 18.437340 0.020000
1312081040104119040 26.659480 4.224150 0.020000
1411010010104115200 26.670520 -1.733500 0.020000
