1502121630264101376 153.674420 62.155760 0.020000
1511091070554135296 153.760090 7.808370 0.020000
1103241090554135168 153.768450 10.618970 0.020000
803040010554109952 153.858080 -2.075600 0.020000
1301131010554139904 153.909280 2.119430 0.020000
1304101210524133632 153.921310 22.009500 0.020000
904291040554110080 153.941170 3.553290 0.020000
1301131040554137856 153.972970 4.870150 0.020000
903271230514135040 153.985020 25.172890 0.020000
1101081260504117632 154.054830 26.489890 0.020000
903211320484138112 154.056290 32.939280 0.020000
1203300070554127104 154.161050 -6.776710 0.020000
1206111550334141952 154.197040 56.435400 0.020000
1503241290494132224 154.289020 30.465330 0.020000
902190040554110336 154.335660 -5.137990 0.020000
1112311210524123776 154.389170 21.167830 0.020000
804300120554112256 154.406520 -13.405840 0.020000
1503271150544136192 154.427990 16.582170 0.020000
1512031400434116352 154.477910 40.665830 0.020000
1105040010554104064 154.501690 -2.544840 0.020000
