1002141230164141696 46.587480 25.141060 0.020000
1209190070174113792 46.623840 -7.681350 0.020000
1410280070174111488 46.624520 -7.681850 0.020000
1002141230164108032 46.647440 23.105650 0.020000
712311120174112768 46.695100 12.350850 0.020000
809061150174130688 46.768020 16.331240 0.020000
810061260164118656 46.838540 26.364600 0.020000
811301230164115840 46.841620 23.443060 0.020000
810311320154134656 46.870110 32.718470 0.020000
1109291260164132992 46.961870 27.178750 0.020000
1512111350144153088 47.166200 35.987130 0.020000
1112251320154107264 47.197130 31.381680 0.020000
712161260164123264 47.202880 26.809140 0.020000
1203131180174105344 47.217060 17.300890 0.020000
1001081090174129408 47.265110 10.487950 0.020000
1310030120174141440 47.287910 -11.592100 0.020000
1409011210164107520 47.300230 20.163360 0.020000
1312041230164232704 47.306870 24.418280 0.020000
1211201320154114560 47.322130 31.677940 0.020000
902131150174130944 47.332440 16.084810 0.020000
