1004861 266.273800 44.107323 0.020000
1004862 266.447170 26.763053 0.020000
1004863 266.528320 41.134123 0.020000
1004864 266.563200 66.488543 0.020000
1004865 266.678540 50.219783 0.020000
1004866 266.701100 69.921803 0.020000
1004867 266.809730 15.046583 0.020000
1004868 266.946960 55.521663 0.020000
1004869 267.015560 46.430443 0.020000
1004870 267.024210 34.100293 0.020000
1004871 267.034880 62.952443 0.020000
1004872 267.116250 50.877793 0.020000
1004873 267.427790 33.989883 0.020000
1004874 267.494560 22.718043 0.020000
1004875 267.537120 29.045563 0.020000
1004876 267.770300 38.733453 0.020000
1004877 267.771160 38.734043 0.020000
1004878 267.846990 37.439193 0.020000
1004879 267.875640 35.389813 0.020000
1004880 268.219110 29.405263 0.020000
