1312141070424119552 117.022790 6.308440 0.020000
1109251210404110848 117.073390 20.364830 0.020000
1011151230394154624 117.083110 24.966310 0.020000
1112161230394126592 117.150610 24.006590 0.020000
1601141550254119680 117.200660 54.595680 0.020000
1511201320364108288 117.248070 31.420200 0.020000
903311180414149632 117.366690 19.081120 0.020000
911261180414138240 117.501230 18.386460 0.020000
1602121090424155392 117.637230 10.357470 0.020000
911151150414104448 117.749880 14.197280 0.020000
1502081290374141184 117.781230 30.107900 0.020000
1303171090424146688 117.820810 10.004580 0.020000
1304291320374114304 117.836520 31.782000 0.020000
1610071320374137600 117.973640 33.222140 0.020000
1603301260394130176 118.036870 26.997400 0.020000
1402081520274133760 118.228980 53.091970 0.020000
1401210010434189568 118.242710 -0.119220 0.020000
1004121040434181504 118.245370 5.491630 0.020000
1111181070424172416 118.281640 8.096140 0.020000
1004071380344122112 118.383250 37.966820 0.020000
