810290041224133120 341.182030 -3.147530 0.020000
1512161181174138624 341.233200 18.966460 0.020000
1006241011224119168 341.272360 1.263170 0.020000
1012090011224116352 341.291160 -1.838030 0.020000
711031091214134144 341.364200 10.659080 0.020000
1609030071214116608 341.375070 -7.335280 0.020000
1005191091214128896 341.453770 10.033000 0.020000
711170011224126848 341.492360 -0.648430 0.020000
1109190151184111616 341.509900 -16.149450 0.020000
1607060071214123008 341.613110 -6.659650 0.020000
1210141071214123264 341.698990 6.942960 0.020000
1310010011224126976 341.761330 -1.282590 0.020000
1206161231134153984 341.901660 25.076740 0.020000
1212110011224121088 341.944470 -1.580520 0.020000
1005211231134127488 341.974630 23.922650 0.020000
1006171071214126080 342.000900 6.956890 0.020000
911101321054153088 342.060310 33.206740 0.020000
810290091214126848 342.098600 -9.349620 0.020000
1109181041224124032 342.151530 4.516780 0.020000
1511141380984140544 342.392650 37.931620 0.020000
