1203261260764111872 234.627620 26.053310 0.020000
1205270150814145024 234.636790 -15.288530 0.020000
1305071290744148480 234.696210 30.795900 0.020000
1604300040844101888 234.714290 -5.570150 0.020000
1506121290744104704 234.851650 28.512490 0.020000
905291230774135808 234.874530 24.435040 0.020000
1302140150814146560 234.898860 -15.368340 0.020000
1208130010844101120 234.901890 -2.683540 0.020000
1103050040844106624 234.926570 -5.345020 0.020000
1603200040844105728 234.927440 -5.345050 0.020000
1007060070834117504 234.988490 -7.695910 0.020000
1505101150814113536 235.026040 15.003730 0.020000
1502081460594103552 235.060460 45.406740 0.020000
1201271010844132096 235.093590 1.375320 0.020000
1603271320724123392 235.094280 32.676110 0.020000
1205301380684130048 235.121330 38.588230 0.020000
1103301150814122368 235.129960 15.408760 0.020000
805071180814139392 235.169790 19.485730 0.020000
1503151260764128512 235.170780 26.969650 0.020000
1607081690324112128 235.197740 68.530930 0.020000
