1002061 143.531660 64.413463 0.020000
1002062 143.531780 21.920153 0.020000
1002063 143.541320 9.602163 0.020000
1002064 143.816550 34.411783 0.020000
1002065 143.817870 17.364703 0.020000
1002066 143.875060 1.508823 0.020000
1002067 144.007230 4.375263 0.020000
1002068 144.080330 29.383703 0.020000
1002069 144.250590 23.965773 0.020000
1002070 144.253960 15.684483 0.020000
1002071 144.259810 12.389943 0.020000
1002072 144.279880 3.636383 0.020000
1002073 144.301330 50.181163 0.020000
1002074 144.400850 -2.859907 0.020000
1002075 144.477230 13.903433 0.020000
1002076 144.532360 -7.845367 0.020000
1002077 144.532940 51.884393 0.020000
1002078 144.569480 22.045583 0.020000
1002079 144.610480 53.001783 0.020000
1002080 144.644620 11.393213 0.020000
