912150090234136320 62.890090 -9.124840 0.020000
811181230214118272 62.910780 23.372290 0.020000
1412111400184161280 62.980450 41.148600 0.020000
1511020120234120192 63.090730 -12.721840 0.020000
1201181010234147840 63.119670 2.677240 0.020000
1310011070234114304 63.305460 6.487880 0.020000
1011061090234135040 63.404210 10.348600 0.020000
1411201380194117888 63.443580 37.151510 0.020000
1101251090234223232 63.458260 9.754250 0.020000
712151210224139904 63.732130 21.945300 0.020000
712151210224130816 63.887620 21.462070 0.020000
1109260070234114048 63.928510 -7.638670 0.020000
1410021290214101504 63.936700 28.250060 0.020000
1503291290214141952 64.019620 29.988310 0.020000
1003171290214127616 64.153610 29.468370 0.020000
1303241120234114304 64.277790 12.396840 0.020000
1010120040234230144 64.307840 -3.682310 0.020000
1312231290214103296 64.363520 28.329700 0.020000
812020070234135168 64.394070 -6.232570 0.020000
1610100040234111488 64.460190 -4.794910 0.020000
