803141150744110336 214.741140 14.771450 0.020000
1502140070764122112 214.791250 -7.306540 0.020000
1206230070764120064 214.791940 -7.306020 0.020000
1504151210734109952 214.792200 20.388060 0.020000
1006010090764153216 214.843440 -8.641790 0.020000
905301010774147584 214.891360 2.745980 0.020000
1404301350644109056 214.897130 34.520200 0.020000
809061260704105216 214.965020 25.932200 0.020000
1203171120764111104 215.027520 11.832050 0.020000
1501231010774118144 215.050110 0.985500 0.020000
1506190090764133376 215.084810 -9.300810 0.020000
905301290684115840 215.088810 29.199820 0.020000
1504091230714131456 215.094400 25.215190 0.020000
1404011380624105216 215.100490 37.018340 0.020000
1205141120764115712 215.130640 12.321560 0.020000
1205251120764115968 215.130710 12.321640 0.020000
802070040774129664 215.140390 -3.734640 0.020000
1303241460544112384 215.160760 46.042040 0.020000
1404211040774107648 215.173760 3.267090 0.020000
1607061380624103680 215.212660 36.955820 0.020000
