1102120040824106880 227.932870 -5.374150 0.020000
1005220040824107136 227.952240 -5.229840 0.020000
1603021150794107136 227.954040 14.522290 0.020000
1503210090814126080 227.956740 -10.239490 0.020000
1502211260744124160 228.067740 26.858210 0.020000
1005220040824111360 228.086540 -5.014220 0.020000
1304151460584103680 228.221490 45.333070 0.020000
1603111320704111104 228.334820 31.787690 0.020000
803010150794129152 228.357380 -15.733300 0.020000
1205251150794114048 228.370210 14.955690 0.020000
1306161180794133760 228.408120 18.961270 0.020000
1202101150794131456 228.424230 16.101840 0.020000
803050010824108288 228.453080 -2.355980 0.020000
1106091210774115328 228.550610 20.775600 0.020000
1205251120814137344 228.599490 13.545520 0.020000
1605261290724128000 228.605250 30.392680 0.020000
1607081070814119936 228.629540 6.687380 0.020000
1104271430614143616 228.652330 44.834500 0.020000
1003181290724103424 228.665060 28.422610 0.020000
1103270040824118912 228.698560 -4.722260 0.020000
