1010031010184135680 48.468280 2.665090 0.020000
1111230010184112512 48.515090 -1.900970 0.020000
1309121010184135936 48.523470 2.038690 0.020000
1410221260164120832 48.584950 26.486970 0.020000
1310030150174109696 48.642500 -16.357220 0.020000
1012071260164133120 48.670790 27.208100 0.020000
1302061180174118656 48.767710 17.873360 0.020000
712060010184115456 48.852100 -1.680970 0.020000
1410230150174123776 48.961420 -15.250730 0.020000
1109281090184132736 49.136980 10.808240 0.020000
1112310010184138368 49.437670 -0.280790 0.020000
1510081210174109952 49.570010 20.340990 0.020000
809241120184135552 49.613850 13.906560 0.020000
1202251210174133504 49.690310 21.576830 0.020000
1002161320164145920 49.709300 33.160150 0.020000
812310090184110848 49.717220 -10.467290 0.020000
1610060040184119552 49.765070 -4.002510 0.020000
811011230174101760 49.804160 22.645550 0.020000
811071180184131712 49.880900 19.055290 0.020000
712301210174121216 49.907730 21.264240 0.020000
