1411171260164123648 47.374170 26.634550 0.020000
711081290154130816 47.438310 29.880800 0.020000
1012101180174114432 47.469610 17.707640 0.020000
810260090174106240 47.543860 -10.948970 0.020000
1102041070174118400 47.552840 6.921250 0.020000
1211140260164132352 47.591090 -26.301180 0.020000
810100210174114816 47.614650 -20.989540 0.020000
909250090174119808 47.636570 -9.751630 0.020000
902021380144141952 47.707640 38.248250 0.020000
1210150070174107392 47.715290 -7.916650 0.020000
911110090174121472 47.734370 -9.752650 0.020000
1101041230164121856 47.746990 23.896270 0.020000
1601021380144110080 47.817880 37.084340 0.020000
909281320154112000 48.002150 31.554240 0.020000
908281120174126464 48.102050 13.038610 0.020000
1102251180174134400 48.110620 19.251770 0.020000
1510031040184124672 48.353310 4.775110 0.020000
1111151180174127104 48.355430 18.823610 0.020000
1309261180174130176 48.356140 18.823070 0.020000
1509181180174134272 48.356910 18.822500 0.020000
