1603031400324131328 112.862930 41.049120 0.020000
812311350344119680 112.926920 34.756910 0.020000
1203011400324135168 113.033890 41.502580 0.020000
1412151350344113664 113.077480 34.446590 0.020000
1412291150404157184 113.268360 15.916410 0.020000
1004081380334102528 113.351350 36.834630 0.020000
1602261380334117888 113.356080 37.629140 0.020000
911111210394140928 113.413660 21.366990 0.020000
1311271350344133888 113.428910 35.403020 0.020000
1301311430304145920 113.451570 44.551430 0.020000
1403051210394157312 113.474370 22.390140 0.020000
1302141290364161024 113.490620 30.510460 0.020000
1303021260374143744 113.577720 27.219290 0.020000
1502071490284143616 113.678110 50.708000 0.020000
1202101400324103936 113.785100 39.731730 0.020000
1103101460294147968 114.037560 47.454310 0.020000
802121290364108288 114.172850 28.550430 0.020000
1503091230384129024 114.380830 23.756480 0.020000
1103011210394137216 114.493930 20.929090 0.020000
1412211210394134272 114.493970 20.929020 0.020000
