803291150664118016 190.585730 15.194160 0.020000
1503141380554117632 190.650900 37.840620 0.020000
1106241010684107392 190.676810 0.565010 0.020000
1002171320594132608 190.680310 32.867990 0.020000
1401011260624123136 190.798030 26.772740 0.020000
1002171350574139648 190.860100 36.045780 0.020000
1502180070684144128 190.867900 -5.908760 0.020000
1203281210654134784 190.959330 21.719940 0.020000
911260010684130816 190.963230 -0.581580 0.020000
904241230634127744 190.968150 24.463660 0.020000
1501181520434104064 190.973410 51.057500 0.020000
802081180664105088 191.064830 17.256550 0.020000
1406291150664137728 191.066300 16.890320 0.020000
804271290604119040 191.074510 30.066990 0.020000
1601161400534106624 191.156970 40.006450 0.020000
803301040684131712 191.172790 5.243770 0.020000
804040090684101504 191.184110 -11.143470 0.020000
1201251120674102272 191.265120 11.410400 0.020000
1002171260624141056 191.275120 27.637010 0.020000
1103020040694108288 191.350280 -5.220210 0.020000
