1004060210604138624 176.321770 -20.326320 0.020000
1005100040634116224 176.338260 -4.434970 0.020000
1202251090634107392 176.423800 8.766350 0.020000
1505111040634131712 176.480890 5.045840 0.020000
1601310040634120704 176.500080 -4.137190 0.020000
1202181120624121600 176.534170 12.680590 0.020000
1505111320544122368 176.697490 32.689810 0.020000
1304011070634119936 176.738850 6.932470 0.020000
1105031400494106752 176.742930 39.976170 0.020000
1202270180614102528 176.759760 -19.558000 0.020000
1303051010634119936 176.831620 1.263890 0.020000
1201041460454138880 176.837080 47.765020 0.020000
1201231010634150144 176.862190 2.723710 0.020000
1502180150614107904 176.882880 -16.453940 0.020000
1501231320554114816 176.887670 32.027820 0.020000
1203171040634108416 176.933980 3.298680 0.020000
1304151550384115712 177.008440 54.577380 0.020000
1401071010634128640 177.028190 1.715060 0.020000
1106121150614113920 177.079990 15.137580 0.020000
1202251230594123264 177.192000 23.717550 0.020000
