1310091210034112256 7.349740 20.514540 0.020000
1011111150034118144 7.366680 15.285300 0.020000
909190040034115584 7.483510 -4.580750 0.020000
1111170120034124928 7.555660 -12.643510 0.020000
1112241180034118528 7.611470 18.144740 0.020000
1309120090034109184 7.648220 -10.788610 0.020000
1312081260034105856 7.651600 25.738600 0.020000
911231150034134912 7.652710 16.631090 0.020000
1209251120034120960 7.668620 12.532330 0.020000
1509241040034112256 7.699660 3.784070 0.020000
1309041230034114048 7.732560 23.296100 0.020000
1210191210034106368 7.755770 20.095610 0.020000
1210141210034105856 7.755840 20.095530 0.020000
801010040034114176 7.799810 -4.168200 0.020000
1309021090034133760 7.885180 10.469040 0.020000
912201320034112512 8.015150 31.752900 0.020000
1310250070034110464 8.068740 -7.781490 0.020000
909160120034110720 8.111660 -13.336440 0.020000
1410181040034109184 8.220350 3.478310 0.020000
1209150070034133760 8.261250 -6.668400 0.020000
