1310260010144106240 38.440890 -2.423220 0.020000
1210141040144113664 38.451700 3.687700 0.020000
1410121120144105728 38.468900 11.717450 0.020000
1303011180144110848 38.554330 17.760410 0.020000
1509201180144113664 38.554970 17.759790 0.020000
1410050040144108800 38.615860 -4.908580 0.020000
1309050010144138752 38.714020 -0.612350 0.020000
809091320124130688 38.766690 32.677150 0.020000
1310261040144104192 38.771020 3.050170 0.020000
1410170180144124928 38.881230 -17.889280 0.020000
910141150144125696 38.890280 15.864630 0.020000
1209190090144112384 38.891790 -10.555610 0.020000
812201180144223872 38.893190 19.019730 0.020000
1001150010144126848 38.906490 -0.724040 0.020000
1311061150144107776 39.037140 14.681580 0.020000
1110301090144110080 39.055900 8.979960 0.020000
1010131150144122240 39.137020 15.582970 0.020000
911061090144134656 39.158350 11.199190 0.020000
1309041230134117120 39.343600 23.529330 0.020000
1009301150144112896 39.425350 15.062960 0.020000
