1609220010064109824 16.139400 -1.983790 0.020000
1210090180064128000 16.228990 -18.122970 0.020000
1510120180064121088 16.230160 -18.122570 0.020000
1512011090064125440 16.241290 10.353940 0.020000
1311101150064106496 16.304870 14.506830 0.020000
809211090064126720 16.342570 11.048020 0.020000
1510120180064127488 16.361310 -17.605180 0.020000
1209141090064105728 16.388890 8.775220 0.020000
1309021070064121600 16.389040 6.918000 0.020000
1111160010064104192 16.402190 -2.564220 0.020000
1009101290064106240 16.413270 28.492040 0.020000
1210081290064104704 16.414430 28.491890 0.020000
1407021290064105216 16.415720 28.491840 0.020000
1609101290064104960 16.416910 28.491790 0.020000
811200070064133120 16.425400 -6.168480 0.020000
910161180064133376 16.458730 19.054770 0.020000
1111170120064131072 16.477690 -12.346840 0.020000
1201040090064130048 16.493120 -8.910330 0.020000
1311111430054111232 16.766240 42.720060 0.020000
1510020090064116224 16.789550 -9.858550 0.020000
