1303141290134114304 39.464940 29.073440 0.020000
1110181290134107904 39.468280 28.802410 0.020000
812011010154118528 39.497130 1.508130 0.020000
907291150144119680 39.582810 15.556440 0.020000
1311011090144122112 39.596300 9.796820 0.020000
811041150144132352 39.662210 16.616650 0.020000
810261350124145664 39.662940 35.946760 0.020000
1310301180144107776 39.764310 17.397970 0.020000
910211120144106112 39.781480 11.651270 0.020000
1009111120144117120 39.836560 12.448290 0.020000
1010030010154103808 39.939470 -2.577950 0.020000
1311100090154141952 39.988990 -8.523410 0.020000
1209180010154103296 40.007800 -2.722670 0.020000
901171230144121984 40.025160 23.949110 0.020000
1209161150144108800 40.136800 14.433200 0.020000
1312300070154120704 40.170650 -7.152850 0.020000
711020040154124928 40.273810 -3.637110 0.020000
1311100210144122112 40.291680 -21.024790 0.020000
1110241350124145792 40.567190 35.679760 0.020000
1411171070154141440 40.629710 8.424400 0.020000
