1605281090554119680 154.519950 10.070700 0.020000
1602051290494134528 154.533170 30.815330 0.020000
1311081090554123264 154.537840 10.047620 0.020000
1302171490374116096 154.554940 48.991210 0.020000
1301171290494101248 154.583980 28.260050 0.020000
1304041260504122368 154.588980 26.831240 0.020000
1502121660244104960 154.674620 65.198370 0.020000
1410241090554128896 154.741690 10.607360 0.020000
1604181570314130944 154.817690 59.128270 0.020000
1004041150544106112 154.892780 14.451330 0.020000
1512191380454128128 154.894350 39.013270 0.020000
1201020010564145920 154.937120 -0.275950 0.020000
1204150010564139264 154.937320 -0.275800 0.020000
1102261290494105344 154.944860 28.491440 0.020000
904011350464101120 154.946950 33.965060 0.020000
1005311180534119168 154.977280 18.446660 0.020000
1206211520354130432 155.110690 53.075880 0.020000
1305151070554117632 155.135810 7.000080 0.020000
1302110010564118272 155.329600 -1.875950 0.020000
1501231520354128128 155.337450 52.797770 0.020000
