1004741 256.057080 17.844303 0.020000
1004742 256.104120 39.088453 0.020000
1004743 256.205290 32.104903 0.020000
1004744 256.220540 12.952863 0.020000
1004745 256.245000 60.127113 0.020000
1004746 256.419530 35.548003 0.020000
1004747 256.457590 27.017423 0.020000
1004748 256.525580 25.898153 0.020000
1004749 256.540320 14.614443 0.020000
1004750 256.575450 38.572273 0.020000
1004751 256.760240 16.927413 0.020000
1004752 256.861250 11.984843 0.020000
1004753 256.879480 26.030153 0.020000
1004754 256.913320 57.419473 0.020000
1004755 256.946520 36.148763 0.020000
1004756 256.959550 -5.522597 0.020000
1004757 257.043100 -2.306367 0.020000
1004758 257.101470 3.050973 0.020000
1004759 257.231780 35.973343 0.020000
1004760 257.527630 61.186273 0.020000
