1310020070184210944 49.977940 -7.802320 0.020000
1010280150184125568 49.989600 -14.785530 0.020000
1311261210174128896 50.124080 21.308010 0.020000
812221070184114688 50.138340 6.718100 0.020000
809241150184119680 50.252530 15.369510 0.020000
1310071070184110848 50.285830 6.515920 0.020000
1311061180184119040 50.369050 18.140860 0.020000
1001131260174125952 50.406620 26.613960 0.020000
1011070010184229376 50.482750 -0.989100 0.020000
1112301090184104192 50.502940 8.732500 0.020000
1609041040184101888 50.518610 2.939480 0.020000
1303021290164141568 50.595320 30.574840 0.020000
902211230174143488 50.814040 25.117620 0.020000
908260040194102400 50.830410 -5.582770 0.020000
1010300090194114304 51.145950 -10.141240 0.020000
1210230210184130560 51.238790 -20.582270 0.020000
1510030010194113024 51.297070 -1.824600 0.020000
1312310230174122752 51.328250 -23.709270 0.020000
912111210184153088 51.403270 22.400070 0.020000
1111030010194136448 51.500260 -0.722220 0.020000
