1510120210054117888 13.938600 -21.219460 0.020000
1110190180054134528 13.939600 -17.760710 0.020000
1407021260054115840 14.024310 26.311030 0.020000
1509241120054107904 14.118060 11.850770 0.020000
1511071320054118912 14.239820 32.106050 0.020000
1111020230054135296 14.284230 -22.688010 0.020000
1011140010064126336 14.352810 -0.964340 0.020000
1012091210054124160 14.397070 21.078850 0.020000
1111280040064107904 14.404650 -5.207680 0.020000
1311111430044160512 14.420910 44.516990 0.020000
1609030010064123392 14.546220 -1.130780 0.020000
1010091290054106880 14.602480 28.551180 0.020000
1409251180064118528 14.725480 18.222840 0.020000
809231260054127232 14.794550 27.010210 0.020000
1012021090064118912 14.837890 9.607890 0.020000
911230010064109056 14.948620 -2.158330 0.020000
809200090064119168 14.995320 -9.008940 0.020000
911231040064109952 15.003320 3.498070 0.020000
1509251320054122752 15.085500 32.409330 0.020000
801151380054142208 15.122020 39.219390 0.020000
