809091350114140800 34.862280 35.849710 0.020000
910141150134103552 34.931330 14.297000 0.020000
912151010134138368 35.157040 2.404080 0.020000
909170150134129152 35.196960 -14.806490 0.020000
1512081350114119168 35.231150 35.074450 0.020000
1411291040134134016 35.243190 5.045640 0.020000
1410161380114106368 35.261570 36.877540 0.020000
1310161380114105600 35.270610 36.882460 0.020000
1010070070134135168 35.287610 -6.078710 0.020000
712061010134112128 35.351450 0.897870 0.020000
1009151090134126976 35.361850 10.379300 0.020000
1012041070134108160 35.391450 6.198190 0.020000
1411220230124127488 35.421880 -23.309840 0.020000
1312241010134113280 35.436680 0.794700 0.020000
908281090134126464 35.473570 10.494360 0.020000
910211120134119552 35.548210 12.673130 0.020000
811020090134124672 35.652770 -9.133300 0.020000
1309041290124101632 35.675320 28.266920 0.020000
1611051120134109952 35.793050 11.965700 0.020000
1410050070134116352 35.815200 -7.089020 0.020000
