1411171090504112128 141.415800 9.282710 0.020000
1512101350424104960 141.436090 34.276620 0.020000
1401101520324141312 141.548670 53.159600 0.020000
812221040514120320 141.549440 3.963180 0.020000
1212101350424137216 141.661210 36.400730 0.020000
1411241070504108544 141.661770 6.174960 0.020000
1304301150494130432 141.795410 16.163610 0.020000
1202221210484122624 141.818130 20.919850 0.020000
1511091120504129792 141.825880 12.877310 0.020000
1202221150494128640 141.909750 15.584050 0.020000
1101281290454112640 141.911490 28.790880 0.020000
1003171430384133760 141.925890 44.576810 0.020000
1112281040514107904 141.991000 3.156010 0.020000
1004071320444118400 142.006690 32.278860 0.020000
1512101460364121088 142.045870 46.742610 0.020000
1304201430384224768 142.067460 44.368100 0.020000
1102121010514116608 142.163860 0.995790 0.020000
911271180494102784 142.227660 17.037140 0.020000
1512051260464106496 142.291060 25.968020 0.020000
1301101260464109568 142.291990 25.968210 0.020000
