712180150664128384 190.114240 -15.099470 0.020000
802271040684108160 190.114820 3.564670 0.020000
1203291290604100864 190.137390 28.279680 0.020000
1303161290604101376 190.137510 28.279700 0.020000
1103051290604101120 190.137640 28.279810 0.020000
1201251120674126848 190.186830 12.889170 0.020000
1306011120674133760 190.200520 13.794240 0.020000
902011120674115200 190.215050 12.141300 0.020000
1303141040684143872 190.236950 5.446340 0.020000
1304041290604129536 190.241860 30.220410 0.020000
1601161320594123776 190.275790 32.808440 0.020000
1404060150664105472 190.277040 -16.616710 0.020000
1303201090684101120 190.321490 8.493950 0.020000
1405081180664120576 190.339850 18.532000 0.020000
803021320594129536 190.383270 33.367560 0.020000
1305051350574113792 190.422340 34.675240 0.020000
1305010120674124800 190.441830 -12.619150 0.020000
905181290604128128 190.458660 30.028270 0.020000
803071070684137472 190.517950 7.850020 0.020000
1306091460484117760 190.554430 46.420840 0.020000
