712041230204120832 59.984770 23.505050 0.020000
909271180214129920 60.276010 18.555350 0.020000
1112241090224127744 60.285460 10.017440 0.020000
1102041090224124416 60.285710 10.017350 0.020000
1311040230204114688 60.288020 -24.512850 0.020000
903171290194110720 60.322580 28.661740 0.020000
909221040224123136 60.332830 4.226300 0.020000
1309011180214134272 60.403800 18.723570 0.020000
1609061180214126336 60.404070 18.722630 0.020000
810241070224132480 60.420560 8.002160 0.020000
1411240210214124800 60.469520 -20.586020 0.020000
909200090224139008 60.479400 -9.315370 0.020000
1212111040224118784 60.488940 3.955740 0.020000
1010101400174141824 60.624320 40.711610 0.020000
1312231290204104448 60.631400 28.379490 0.020000
911251180214118016 60.740320 17.940760 0.020000
1212031040224128256 60.777310 4.737400 0.020000
1209260090224104960 60.909870 -10.829310 0.020000
1310030040224109312 60.911110 -5.139170 0.020000
1001061210214137856 60.946920 21.563550 0.020000
