809061230694126336 208.042080 25.312740 0.020000
1204011460524120832 208.043890 46.472260 0.020000
1604290040744122624 208.073100 -4.200190 0.020000
907051260684133760 208.079090 28.154770 0.020000
1305131120734140928 208.138580 13.578500 0.020000
1604051660324123136 208.205330 66.815940 0.020000
1304101120734121472 208.231700 12.649680 0.020000
1004091010754106752 208.299810 0.341850 0.020000
802181210714120704 208.307250 21.328000 0.020000
1403271070744118272 208.329970 6.796900 0.020000
1004050010754107904 208.400030 -2.345300 0.020000
1306061400584118016 208.421500 40.735300 0.020000
1502091350624122112 208.441270 35.498460 0.020000
1102251290664139392 208.503360 30.774880 0.020000
805071260684103936 208.525650 25.706630 0.020000
1206101260684134400 208.578480 27.600820 0.020000
1606141570424135936 208.584680 59.022860 0.020000
903191290664108032 208.588490 28.670920 0.020000
1105271290664147328 208.612690 30.967410 0.020000
1505180010754137600 208.689140 -0.521160 0.020000
