1002701 170.014070 66.642273 0.020000
1002702 170.112290 19.921903 0.020000
1002703 170.154720 30.502623 0.020000
1002704 170.218180 51.575063 0.020000
1002705 170.299570 -13.111667 0.020000
1002706 170.306090 17.442113 0.020000
1002707 170.306170 17.442163 0.020000
1002708 170.355250 34.373103 0.020000
1002709 170.378660 -3.484097 0.020000
1002710 170.396310 30.415383 0.020000
1002711 170.407390 6.167293 0.020000
1002712 170.407700 6.168123 0.020000
1002713 170.407730 6.168153 0.020000
1002714 170.407790 6.168103 0.020000
1002715 170.408150 6.169003 0.020000
1002716 170.453900 -13.185977 0.020000
1002717 170.477790 24.438583 0.020000
1002718 170.493020 -13.949947 0.020000
1002719 170.503090 -4.299517 0.020000
1002720 170.519360 9.479013 0.020000
