1210051121134133760 321.482750 12.391050 0.020000
1312101041154123008 321.553120 3.896050 0.020000
806281121134118912 321.568480 12.067810 0.020000
1210051211094121472 321.604670 20.330120 0.020000
1005091091144113792 321.638900 8.916430 0.020000
1506161091144175872 321.712040 11.224370 0.020000
1206130011154131200 321.727270 -1.348320 0.020000
1511211121134117120 321.900560 12.028900 0.020000
1010101211094109056 321.921000 20.000900 0.020000
1410211121134174208 321.933580 13.715040 0.020000
1511101011154159104 322.025570 2.539150 0.020000
809210041154120192 322.080460 -4.488140 0.020000
1410151041154164224 322.257180 5.300050 0.020000
1011300071144118272 322.504740 -7.577890 0.020000
1109301041154116608 322.523840 3.515160 0.020000
810280041154254976 322.602630 -2.988240 0.020000
1006111211094112000 322.945660 20.037880 0.020000
1506190011154155520 323.001720 -0.579880 0.020000
1305071041154114560 323.163190 3.359610 0.020000
1611071121144136960 323.204570 12.839570 0.020000
