1309301010124101632 31.324610 0.098780 0.020000
1502101260114122752 31.406660 26.717860 0.020000
712041150114115584 31.484690 15.284710 0.020000
1610281400094114816 31.485930 40.137050 0.020000
1201251260114103296 31.513780 25.625750 0.020000
1412111210114116352 31.541680 20.783820 0.020000
1010131180114127872 31.564100 18.607460 0.020000
1412241180114121728 31.564640 18.607390 0.020000
1010070120124133120 31.608580 -11.844350 0.020000
1010130070124104320 31.623790 -8.162440 0.020000
1211201210114118400 31.639400 20.952050 0.020000
811041150114118912 31.727430 15.575020 0.020000
1011051210114114304 31.760490 20.853940 0.020000
1310230230114116096 31.889030 -24.033770 0.020000
912150090124107264 31.911890 -10.796940 0.020000
1012071380104223872 32.017620 37.537940 0.020000
902051120124117760 32.125460 12.738470 0.020000
1110180090124117376 32.127020 -10.284530 0.020000
1410151350104145408 32.196770 36.006830 0.020000
810251290114110336 32.199680 28.829500 0.020000
