1208280210014111744 0.043230 -21.920870 0.020000
1009101320014148224 0.102800 33.428610 0.020000
1011271040014129152 0.376950 5.106570 0.020000
1607091210014124288 0.384740 21.226800 0.020000
1109261070014122880 0.482050 6.876650 0.020000
1511091090014127872 0.711020 10.400780 0.020000
1111020260014102272 0.722170 -28.021970 0.020000
1111300260014103296 0.722280 -28.022070 0.020000
1511191320014127104 0.736310 32.547940 0.020000
1110061260014124032 1.337470 26.821040 0.020000
1206191210014107136 1.391760 20.023130 0.020000
1309151090014120192 1.454490 9.852410 0.020000
1609221070014133504 1.473320 8.430100 0.020000
1006021180014134912 1.748300 19.471600 0.020000
1310120150014110208 1.807090 -16.297950 0.020000
1512020150014110720 1.817130 -16.104910 0.020000
1410251320014115840 1.831330 31.878400 0.020000
1109211210014107904 1.836430 20.122690 0.020000
1010081290014121984 1.866470 29.238990 0.020000
1306151290014118656 1.867830 29.238470 0.020000
