1411201010314119424 86.929260 0.682980 0.020000
1411300180304136192 87.048890 -18.247150 0.020000
1111300070314154496 87.099950 -6.160450 0.020000
1312300210304116224 87.383940 -21.924760 0.020000
1111020230294162816 88.089530 -22.591320 0.020000
1312070120314133248 88.173450 -12.816420 0.020000
1011080090324123136 88.354340 -10.458380 0.020000
911200040324150272 88.791230 -4.174980 0.020000
1110030040324144384 88.791520 -4.176170 0.020000
1301190040324141056 88.791600 -4.177020 0.020000
1411200040324146688 88.791960 -4.178230 0.020000
1610220040324133888 88.792220 -4.179430 0.020000
1511061040324186624 89.104160 5.359340 0.020000
1202220120324111616 89.369260 -13.717980 0.020000
803071010324106624 89.375260 0.253840 0.020000
1001141010324182528 89.552350 2.682570 0.020000
1001141010324104064 89.678260 0.107210 0.020000
1201020070324109568 89.897540 -8.181960 0.020000
1101110180314142976 89.943330 -18.296390 0.020000
712060090324111104 90.129060 -10.868900 0.020000
