1503171320604116480 194.431720 32.097750 0.020000
1406221380564116480 194.457990 37.997640 0.020000
1501181320604119296 194.488480 32.491550 0.020000
1501191040704118272 194.504330 3.892610 0.020000
1201131350584118784 194.538840 35.328720 0.020000
1002151230644103680 194.588940 22.845010 0.020000
1306091460494140160 194.601060 47.599330 0.020000
1603161630334112768 194.635100 62.943020 0.020000
1304191660304112640 194.667050 65.787850 0.020000
1602131010704111872 194.704400 0.825180 0.020000
806081230644120448 194.710620 24.382620 0.020000
1204241230644129792 194.774080 24.442890 0.020000
1303051070694136064 194.785640 8.047760 0.020000
903241400544118272 194.809920 40.687210 0.020000
1304041290624102144 194.811370 28.325200 0.020000
903191260634131200 194.816040 27.278130 0.020000
1003171260634141184 194.850050 27.996540 0.020000
1501181320604116992 194.911300 32.317610 0.020000
1504131380564121856 194.943940 38.159210 0.020000
1004051040704109184 194.984200 3.409320 0.020000
