1002141150504129024 142.403070 15.895280 0.020000
1503141350424116992 142.445040 35.067560 0.020000
1311101150504122880 142.453320 15.453960 0.020000
1401231400404126976 142.613850 41.229280 0.020000
1611091210484112896 142.634530 20.608140 0.020000
1403311070514116096 142.646790 6.735910 0.020000
1603010150504131840 142.931010 -15.245410 0.020000
1301161260474144256 143.024770 27.944690 0.020000
1410261380414115328 143.043400 37.771890 0.020000
901261180494110336 143.125470 17.688830 0.020000
712141120514123648 143.210530 12.803670 0.020000
1003121150504124928 143.257300 15.819110 0.020000
1302141150504102400 143.308370 14.189130 0.020000
1203151010514146816 143.321920 2.355180 0.020000
906011320444114560 143.405780 32.199630 0.020000
1512031570294134784 143.421640 58.770560 0.020000
1103051290464145280 143.423130 30.671050 0.020000
1310241630244134912 143.442590 64.604280 0.020000
1603010150504116992 143.456000 -16.053810 0.020000
1301200150504118272 143.456130 -16.052860 0.020000
