1607071320674128640 217.178120 33.174300 0.020000
1005161210744109952 217.234000 20.317780 0.020000
1103161400604128128 217.271000 41.912410 0.020000
1104051010784130432 217.338630 1.453200 0.020000
1201291430584111872 217.353340 42.955860 0.020000
1006031120774105856 217.364160 11.652460 0.020000
1406071320674118656 217.401070 32.441680 0.020000
1405210180754142720 217.464080 -17.734600 0.020000
1607041090774131456 217.521100 10.367950 0.020000
1406071320674112768 217.584350 31.967570 0.020000
1301031090774135552 217.618630 10.613340 0.020000
1603121630374120448 217.645680 63.649550 0.020000
1602071600404107008 217.650570 59.724280 0.020000
1502140120774137600 217.692200 -12.215450 0.020000
1404221070774101504 217.725500 5.702090 0.020000
806241210744127616 217.735570 22.364880 0.020000
1303071120774117632 217.735630 12.229720 0.020000
1103111180754104448 217.913920 17.170770 0.020000
903171350654121856 217.920810 35.182800 0.020000
804250040784123520 217.929390 -3.422350 0.020000
