1003441 196.984010 43.455763 0.020000
1003442 197.046200 -16.272507 0.020000
1003443 197.089640 13.097813 0.020000
1003444 197.098680 35.810453 0.020000
1003445 197.160930 8.106833 0.020000
1003446 197.247440 43.998923 0.020000
1003447 197.271850 17.106193 0.020000
1003448 197.503360 22.531873 0.020000
1003449 197.537020 5.790013 0.020000
1003450 197.548440 47.785863 0.020000
1003451 197.549230 47.786533 0.020000
1003452 197.558200 32.554023 0.020000
1003453 197.619390 32.378813 0.020000
1003454 197.642730 46.001513 0.020000
1003455 197.655800 38.293923 0.020000
1003456 197.677840 -4.400127 0.020000
1003457 197.747490 32.592953 0.020000
1003458 197.761800 49.293153 0.020000
1003459 197.767280 32.844573 0.020000
1003460 197.802770 -13.490527 0.020000
