1601121290524101120 164.624610 28.296310 0.020000
810251070594102272 164.646140 5.785100 0.020000
804251120584108416 164.649970 12.013420 0.020000
1105031290524128512 164.668130 30.048760 0.020000
1102101180574123392 164.686040 18.358740 0.020000
1012141260544133376 164.744190 27.338190 0.020000
1601311090594130176 164.785660 10.643060 0.020000
1603291290524125184 164.821650 29.946380 0.020000
1201181150574105344 164.848000 14.538270 0.020000
1304291120584117504 164.868810 12.622130 0.020000
1003041150574110592 164.879290 14.813900 0.020000
1104291210564131072 164.963050 21.886120 0.020000
1501201380484131840 165.031740 38.897810 0.020000
904181120584134528 165.061370 13.264480 0.020000
911251150574137088 165.140940 16.135530 0.020000
1406041380484110592 165.144710 37.479670 0.020000
1203211070594126848 165.159800 7.114020 0.020000
1302111320514122752 165.163000 32.369200 0.020000
1502191400464115456 165.262970 40.644190 0.020000
1511191290524109312 165.290030 28.925090 0.020000
