1212131040594104064 165.335840 3.003230 0.020000
1211241040594103296 165.335850 3.003220 0.020000
1211041040594103040 165.335860 3.003220 0.020000
1212081040594104320 165.335870 3.003240 0.020000
1212201040594103808 165.335870 3.003220 0.020000
1511211040594102784 165.336780 3.002940 0.020000
1003211320514111488 165.365690 31.747030 0.020000
1202011400464113152 165.392830 40.330820 0.020000
1302160120584113152 165.440900 -13.406770 0.020000
803120070594104832 165.482810 -8.227150 0.020000
1603121290524116992 165.500600 29.458530 0.020000
804241070594124288 165.532760 7.720080 0.020000
1204011400464123904 165.572110 41.216400 0.020000
1512041400464122368 165.572550 41.214800 0.020000
1011281400464120960 165.572660 41.217280 0.020000
1401231400464124160 165.572670 41.215670 0.020000
1203131070594106112 165.598300 5.853860 0.020000
1401011460424115200 165.705250 46.048980 0.020000
1201011520384133376 165.707730 52.836850 0.020000
1203031430444127232 165.726890 44.337600 0.020000
