1102090010794130432 219.804820 -0.922570 0.020000
1505071180764136448 219.861670 19.489420 0.020000
1106051180764143744 219.862890 19.489020 0.020000
1603021040794141184 219.898270 5.351380 0.020000
904170070784121472 219.910510 -7.311890 0.020000
1202291120774143232 219.912330 13.538870 0.020000
1205291490534127360 219.945800 49.968120 0.020000
1502270150764128256 219.986920 -15.530700 0.020000
905301490534130944 220.046010 49.792710 0.020000
1407011070784120576 220.088590 6.898960 0.020000
1403261350654139648 220.118760 36.501150 0.020000
905310210754108160 220.158820 -22.236010 0.020000
1206121180764135680 220.217870 19.202590 0.020000
1605161490534127872 220.222220 50.140560 0.020000
901310040794132096 220.311890 -3.914850 0.020000
1206111150764121088 220.369010 15.493100 0.020000
1305150210754150912 220.389780 -20.339120 0.020000
1103111210754143872 220.400970 21.962820 0.020000
1105250040794109312 220.437180 -5.118370 0.020000
1502211180764101120 220.484660 16.969420 0.020000
