1106091400584128128 208.754300 41.615210 0.020000
1106281120744121984 208.775570 12.665240 0.020000
802011210714108160 208.776910 20.303820 0.020000
906151010754125952 208.807670 1.555160 0.020000
1104240010754104064 208.881400 -2.500140 0.020000
1403261290664103424 208.919330 28.417490 0.020000
1103091210714125184 208.947640 21.190740 0.020000
1102121090744118656 208.953020 9.531340 0.020000
1002151230694138112 208.985170 24.847640 0.020000
1103091230694138112 208.986150 24.848600 0.020000
1306080230694132480 209.007440 -23.748770 0.020000
1104251230694109696 209.028510 23.255620 0.020000
1602081210714111744 209.131430 20.510550 0.020000
1206201040754130688 209.147020 4.781190 0.020000
1305291600394135552 209.176790 61.507020 0.020000
1104081350624104192 209.212700 34.132180 0.020000
1605280150734147328 209.277370 -14.241300 0.020000
1606081040754126080 209.316850 4.408880 0.020000
1102080090744133888 209.320100 -9.544020 0.020000
1503130040754113280 209.336200 -4.838550 0.020000
