1103260070534123136 149.692290 -7.154210 0.020000
1110241350454116992 149.701230 34.784240 0.020000
1103260070534102528 149.834120 -8.305950 0.020000
1312141010544111104 149.836310 0.734510 0.020000
1102260150524119552 149.860190 -16.029840 0.020000
1112251180524135296 149.880470 19.211400 0.020000
1504011520344110080 149.909300 51.616880 0.020000
1003051180524111744 149.921700 17.787320 0.020000
905241350454103296 149.940200 34.149720 0.020000
1306101180524115712 150.056480 17.866610 0.020000
712041070534121984 150.118880 7.187780 0.020000
904290180524142848 150.124030 -17.481190 0.020000
1401101430404116992 150.152940 43.346000 0.020000
1305011090534133504 150.163720 10.756570 0.020000
1401101430404114944 150.172040 43.234210 0.020000
1404221070544122880 150.267340 7.144770 0.020000
911181290484113280 150.292470 29.193750 0.020000
1302171260494123264 150.322250 26.819410 0.020000
1311021260494123776 150.345540 26.997790 0.020000
1204011400424135936 150.363680 41.960100 0.020000
