1110201211154112000 339.194660 20.358670 0.020000
1607041071204134144 339.352820 7.625560 0.020000
1010101351004150528 339.554920 35.492070 0.020000
1308280231124103680 339.704010 -25.212840 0.020000
1005211231124153472 339.790810 25.058610 0.020000
1506191041214138112 339.793140 5.097850 0.020000
908261231124117760 339.992680 23.310370 0.020000
910161351014115072 339.992970 34.384750 0.020000
1406091091204123904 340.044990 9.869130 0.020000
1511031091204130304 340.046870 10.366060 0.020000
1606131291074153728 340.049160 30.321500 0.020000
1109181041214105856 340.114260 3.199440 0.020000
1609041041214134528 340.265590 5.091270 0.020000
1309290151184105728 340.444640 -16.602390 0.020000
1606160041224106496 340.677930 -5.241460 0.020000
906221181174111104 340.722570 17.427270 0.020000
1510091151184109056 340.812770 14.568040 0.020000
910161071214145536 340.951940 8.157520 0.020000
1209231151184132096 341.006830 15.864020 0.020000
1211070231124139776 341.044080 -22.979370 0.020000
