1505111400524111360 188.014460 40.256760 0.020000
1503241350564101632 188.021860 33.970110 0.020000
1301191010674124032 188.028510 1.456060 0.020000
1403071120664115456 188.029080 12.342800 0.020000
1412241070674140416 188.034300 8.202240 0.020000
902011090674108544 188.065830 8.962610 0.020000
1404241150654124032 188.106950 15.810990 0.020000
1401011150654104576 188.107440 14.345070 0.020000
1306011150654134528 188.115000 16.454890 0.020000
1005050120664115072 188.190290 -13.261230 0.020000
1606161600354121216 188.196970 61.112490 0.020000
1305091120664119552 188.214360 12.519820 0.020000
1605061460484115200 188.235840 46.175420 0.020000
1403121040674113280 188.278140 3.730730 0.020000
1501171040674113792 188.278230 3.730590 0.020000
1202181070674127872 188.284790 7.477460 0.020000
1406291150654107136 188.320630 14.637330 0.020000
1306211120664110592 188.331960 12.186690 0.020000
1306051210644126976 188.470590 21.519210 0.020000
901291210644131328 188.471150 21.518990 0.020000
