1601311460284115456 110.823060 45.805800 0.020000
1610231460284109312 110.904090 45.675860 0.020000
1402051210384165120 110.927390 22.001760 0.020000
1602271230374166528 111.341290 24.935460 0.020000
1511031550244116992 111.414840 54.521460 0.020000
1410051210384177664 111.488440 22.383830 0.020000
1102091460284125824 111.550830 46.434510 0.020000
1301141600214150912 111.715040 61.420640 0.020000
1212201180394146304 111.726950 18.422420 0.020000
1011271400314126080 111.967630 40.781240 0.020000
1502111550244156928 112.092770 56.320790 0.020000
1403261380334142464 112.103530 38.699100 0.020000
1204281460294127872 112.407150 46.791210 0.020000
1311021320354124800 112.466460 31.980700 0.020000
1412151290364122880 112.542440 29.120630 0.020000
802281350344145536 112.616070 35.961770 0.020000
1410251490274105344 112.677070 48.194380 0.020000
1510011490274103808 112.695690 48.168510 0.020000
1302011490274104832 112.695940 48.169370 0.020000
909111430304113536 112.731360 42.943200 0.020000
