906140070794123904 222.696190 -7.298970 0.020000
1502131070794125824 222.702350 7.557570 0.020000
803010070794109440 222.771360 -7.997740 0.020000
1005190070794133760 222.776640 -6.691710 0.020000
1005190040804138880 223.030550 -3.624900 0.020000
1306031350664132864 223.095820 35.615590 0.020000
804121010804117760 223.167400 1.061630 0.020000
803010120794144384 223.170980 -11.963360 0.020000
1104121070794117248 223.212000 6.500950 0.020000
1603031350664116224 223.327280 35.094300 0.020000
1305091090794106112 223.334050 8.808830 0.020000
1112311040804104448 223.345860 2.961980 0.020000
1105251150774137216 223.417840 16.464510 0.020000
1103281260734125568 223.473300 26.809330 0.020000
803021260734124928 223.494720 27.333570 0.020000
1202241210764144128 223.521360 22.094610 0.020000
1503271010804119808 223.535500 1.134370 0.020000
1209211520514132992 223.578330 53.126350 0.020000
1406201010804124928 223.594950 1.527920 0.020000
1105011520514108928 223.613030 51.409340 0.020000
