909190070024118272 2.921080 -7.062750 0.020000
1011111320014118784 2.992820 31.928900 0.020000
1009171380014137728 3.022680 38.513520 0.020000
1210061380014126336 3.140120 37.837020 0.020000
909251150024109312 3.247750 14.689240 0.020000
1012011210024127872 3.294280 21.352240 0.020000
711090070024114944 3.356790 -7.135260 0.020000
1011111320024146304 3.414910 33.356530 0.020000
1511031090024105984 3.419280 8.904930 0.020000
809241380024102656 3.477800 36.729350 0.020000
1609260120024111360 3.550640 -13.186880 0.020000
1212130090024144128 3.709990 -8.639940 0.020000
1509200090024140288 3.711080 -8.639980 0.020000
909181260024124032 3.909430 26.615780 0.020000
1009101260024128384 3.913080 27.213890 0.020000
1510081150024124928 4.045830 15.616060 0.020000
1511181120024103424 4.104460 11.534020 0.020000
911191210024141824 4.110700 22.436130 0.020000
1209141090024103936 4.126140 8.695240 0.020000
1210151090024103424 4.126220 8.695520 0.020000
