1000861 43.339520 -13.535617 0.020000
1000862 43.376240 9.793333 0.020000
1000863 43.390060 32.322513 0.020000
1000864 43.484410 34.282953 0.020000
1000865 43.566140 37.174553 0.020000
1000866 43.586580 10.654083 0.020000
1000867 43.688260 34.347683 0.020000
1000868 43.878330 23.260123 0.020000
1000869 43.908340 14.356473 0.020000
1000870 43.930230 -23.108517 0.020000
1000871 43.974590 1.036343 0.020000
1000872 44.018260 0.966953 0.020000
1000873 44.026100 27.734813 0.020000
1000874 44.053620 -10.533067 0.020000
1000875 44.062480 19.303113 0.020000
1000876 44.088580 -12.281947 0.020000
1000877 44.245060 18.775193 0.020000
1000878 44.260390 -0.278927 0.020000
1000879 44.279790 18.052563 0.020000
1000880 44.296680 11.428633 0.020000
