1401011290584130816 182.482290 29.897990 0.020000
1603180040654138624 182.522140 -2.928930 0.020000
1304061150634123776 182.748600 15.464500 0.020000
1601171490444219136 182.785840 49.336510 0.020000
1102050090654144896 182.829770 -8.665850 0.020000
1105041380534110976 182.850370 37.431240 0.020000
1503131380534110208 182.869310 37.411290 0.020000
1006041460464125440 182.888710 47.274730 0.020000
1301101460464125696 182.914000 46.662760 0.020000
1201041460464123648 182.914070 46.662490 0.020000
1603161490444134400 182.950480 50.470950 0.020000
812221150644126208 182.958890 15.914260 0.020000
1104051180634123520 183.073160 18.272400 0.020000
1503221320564118016 183.115980 32.165120 0.020000
1102261290584150656 183.213330 30.890260 0.020000
1203291290584148992 183.213520 30.890100 0.020000
1203221290584150528 183.213680 30.890070 0.020000
1301081070654102016 183.224810 5.736300 0.020000
1304061090654140160 183.277000 10.882210 0.020000
1602121210624124928 183.396020 21.501540 0.020000
