910241150234105984 64.829630 14.453790 0.020000
1012071350204145408 64.948570 35.463660 0.020000
1002141230224152576 65.023670 24.817870 0.020000
1109231260224137728 65.283150 27.038840 0.020000
1109231120234136064 65.291620 13.467900 0.020000
1102081010244125312 65.363590 1.486910 0.020000
1010121040244104064 65.370780 3.094160 0.020000
904031350204105600 65.425580 34.057910 0.020000
1112251290214173312 65.464180 30.694200 0.020000
1001081090244138112 65.557240 10.467980 0.020000
1212091320214200064 65.574480 33.704190 0.020000
910241150234136832 65.622010 16.241690 0.020000
1512311380194173952 65.642900 39.009450 0.020000
909200120234112256 65.658740 -13.358460 0.020000
1511301260224152064 66.024300 28.019020 0.020000
1003171290214126720 66.127470 29.445190 0.020000
810301010244104064 66.142330 0.238570 0.020000
811200180234113152 66.205460 -18.658040 0.020000
1602041010244111872 66.300630 0.776440 0.020000
1010130070244116864 66.393660 -7.531320 0.020000
