803041040494145280 135.665420 5.416830 0.020000
1105030010494139904 135.875410 -0.538470 0.020000
1011151230454106368 135.884860 22.866700 0.020000
1005221320424122496 135.961350 33.010020 0.020000
1011031090484111616 136.012780 9.091090 0.020000
812221090494130944 136.310570 10.250650 0.020000
910221120483113984 136.316870 12.080890 0.020000
1610291660214144256 136.433910 67.559350 0.020000
1303241660214135296 136.435260 67.560250 0.020000
1012060040494101760 136.478080 -5.602190 0.020000
1012081290434119936 136.502920 29.342370 0.020000
801101070494136448 136.513850 8.256730 0.020000
1601161010494101504 136.526830 0.076430 0.020000
1302061230454136320 136.547400 24.283180 0.020000
803070090494148480 136.597980 -8.861260 0.020000
802091040494149888 136.617690 5.449150 0.020000
1302141150484143104 136.641470 16.393380 0.020000
1111231210464116992 136.642820 20.837250 0.020000
1303031290434125056 136.645780 29.704150 0.020000
712141120484130432 136.713910 13.228420 0.020000
