802111400034142592 10.274880 41.307000 0.020000
1509201260044135424 10.353560 27.263820 0.020000
1611061210044109568 10.391480 20.346220 0.020000
1510121400034160640 10.475250 41.527980 0.020000
1211121010044140032 10.631920 2.292110 0.020000
1309241150044115968 10.640930 15.296050 0.020000
711090040044128384 10.648360 -3.054830 0.020000
1210151120044133120 10.684780 13.474030 0.020000
1608301210044119808 10.709920 21.022010 0.020000
1310310070044121088 10.760380 -7.058520 0.020000
1511121090044121344 10.773200 10.072930 0.020000
1310281380044109824 10.773370 37.059020 0.020000
811191150044124928 10.822560 15.755630 0.020000
1407021290044203776 10.897820 28.440510 0.020000
1410261400044145408 10.957850 41.234680 0.020000
1001121040044140160 10.979090 5.355050 0.020000
1410300150044112896 11.018630 -15.944840 0.020000
1608301230044123904 11.022670 24.066950 0.020000
912201230044119424 11.048640 23.740390 0.020000
911201400044146048 11.070040 41.314940 0.020000
