1201231350504110080 167.891230 34.474640 0.020000
1503141550364106240 167.918870 53.984980 0.020000
1201231290534138112 167.969220 30.530240 0.020000
1202181290534121472 167.993120 29.701540 0.020000
1102101180584102016 168.014970 17.033010 0.020000
1305161010604106496 168.149300 0.470510 0.020000
1404221040604134144 168.274180 5.342250 0.020000
1301181290534132224 168.455670 30.338210 0.020000
1103141290534131968 168.514630 30.731440 0.020000
1002151290534125056 168.594330 29.714360 0.020000
1403281260554125312 168.641210 27.077390 0.020000
1212080010604101376 168.665260 -2.792150 0.020000
1502101090604137216 168.671710 11.251840 0.020000
1312310070604113408 168.750850 -7.671080 0.020000
1404011350504108288 168.788760 34.442970 0.020000
1405051380494117120 168.797690 38.129490 0.020000
1102100070604134400 168.816460 -6.398790 0.020000
804241070604111616 168.971030 6.703990 0.020000
712061180584124672 169.031680 19.102840 0.020000
1101290010614120960 169.039800 -1.675280 0.020000
