1002621 166.597250 18.196513 0.020000
1002622 166.615990 26.846203 0.020000
1002623 166.620390 24.120953 0.020000
1002624 166.634830 6.700553 0.020000
1002625 166.653680 34.364343 0.020000
1002626 166.744510 3.611673 0.020000
1002627 166.792100 46.973653 0.020000
1002628 166.799770 23.112553 0.020000
1002629 166.806630 13.593373 0.020000
1002630 166.821480 -5.383497 0.020000
1002631 166.863610 5.877423 0.020000
1002632 166.873150 32.051323 0.020000
1002633 166.877160 48.956213 0.020000
1002634 166.895330 -1.165157 0.020000
1002635 166.949120 24.694023 0.020000
1002636 166.960670 19.027533 0.020000
1002637 167.112860 -7.038637 0.020000
1002638 167.138390 -13.087607 0.020000
1002639 167.156720 -10.215977 0.020000
1002640 167.189600 38.640053 0.020000
