1611091120214104064 58.848430 11.558750 0.020000
909191290194136320 58.891350 29.363970 0.020000
901291120214138368 58.987400 13.688920 0.020000
1212080290194104064 59.069940 -30.865480 0.020000
1109291090214135808 59.169080 10.614660 0.020000
910161040224134144 59.198060 5.024070 0.020000
1009161090214101760 59.234160 8.512530 0.020000
1512020120214117632 59.247860 -12.884570 0.020000
1010130090214116608 59.313960 -10.162110 0.020000
1209260090214114304 59.314110 -10.162210 0.020000
810061230204150016 59.336050 24.681010 0.020000
810071180214117248 59.360460 17.949170 0.020000
1012100090214119040 59.441600 -10.060630 0.020000
911091090214133120 59.494440 10.495240 0.020000
1511181210214142464 59.565330 21.688510 0.020000
1512041400174114560 59.599540 39.924330 0.020000
1011141070224114432 59.612970 6.488750 0.020000
1112171180214124928 59.628790 18.547430 0.020000
1012010210214132736 59.747130 -20.241720 0.020000
1312021180214102016 59.953640 17.056010 0.020000
