1004021 219.020690 2.376083 0.020000
1004022 219.202870 12.040623 0.020000
1004023 219.207660 23.064003 0.020000
1004024 219.239710 16.549063 0.020000
1004025 219.308540 6.832783 0.020000
1004026 219.315930 15.332153 0.020000
1004027 219.377330 7.645733 0.020000
1004028 219.486920 1.977653 0.020000
1004029 219.540930 64.175973 0.020000
1004030 219.597840 23.381963 0.020000
1004031 219.605360 18.003903 0.020000
1004032 219.638270 41.589713 0.020000
1004033 219.723290 37.209833 0.020000
1004034 219.723780 37.209043 0.020000
1004035 219.746760 12.887823 0.020000
1004036 219.748350 13.322873 0.020000
1004037 219.750970 18.689733 0.020000
1004038 219.751100 18.688883 0.020000
1004039 219.791160 27.563663 0.020000
1004040 219.804820 -0.889237 0.020000
