1207180041144129792 318.991450 -4.458010 0.020000
1309141091134108928 319.089140 8.787050 0.020000
1409250071134115840 319.149100 -7.819580 0.020000
1104290011144106624 319.496970 -2.622990 0.020000
911111121124124032 319.691620 12.096760 0.020000
906150071134153216 319.705930 -5.953010 0.020000
1110241071134162688 319.728230 7.949920 0.020000
1607061121124101888 319.746110 11.338060 0.020000
1505201041144118272 319.903910 3.536700 0.020000
908171181104193536 320.104660 19.699090 0.020000
1207180151114104320 320.165280 -16.797790 0.020000
1608310181104112896 320.392080 -19.064870 0.020000
1607060181104115200 320.392110 -19.064900 0.020000
1309120181104114944 320.392620 -19.064190 0.020000
1307070011154113280 320.806410 -2.246440 0.020000
805031011154147968 321.005360 2.031840 0.020000
1209211151114137088 321.095890 15.388710 0.020000
1510031071144131328 321.257200 6.793590 0.020000
809270091144116480 321.340640 -10.440950 0.020000
805110041154140416 321.479460 -3.401650 0.020000
