1011061430724133376 272.293740 43.673070 0.020000
1604191400754125056 272.527200 40.390420 0.020000
1111181490664163456 273.000340 50.325030 0.020000
1305291660424137472 273.130960 67.079340 0.020000
1205151460694129152 273.164080 46.059250 0.020000
1604061320844170496 273.218550 33.068530 0.020000
1309171630464141568 273.230580 64.311170 0.020000
1511101460694162688 273.921130 47.451370 0.020000
1406091400764165888 274.020900 41.895210 0.020000
1504291690384116224 274.304600 68.548550 0.020000
1306171690384119040 274.305420 68.549360 0.020000
1006121350814122240 274.759810 34.453150 0.020000
1505111460694112512 275.012920 45.586810 0.020000
1304161490664136960 275.213480 49.200110 0.020000
1206201380794173952 275.299790 38.795630 0.020000
1110211550594121472 278.748040 54.554090 0.020000
1110211550594103296 279.294700 53.784650 0.020000
1205301490684103680 283.482430 47.975160 0.020000
1309240151044109056 300.470790 -16.720280 0.020000
1010110211024156416 300.636500 -20.916720 0.020000
