711071150164104448 45.534000 14.438850 0.020000
909170070174123520 45.588400 -6.736790 0.020000
1010301010174129408 45.714730 2.174570 0.020000
910230150164225792 45.745870 -14.817190 0.020000
1103100010174116096 45.753820 -1.410780 0.020000
1410210040174101504 45.876810 -5.559440 0.020000
1411171010174105600 45.948290 0.404060 0.020000
1311261180164118528 45.980590 17.927900 0.020000
712311090174130944 45.998030 10.902490 0.020000
1311081260154102528 45.998270 25.525390 0.020000
809241120174124928 46.037460 13.024290 0.020000
809071120174127616 46.166660 13.528140 0.020000
1309121010174106368 46.235540 0.342040 0.020000
1011130180164101248 46.264840 -19.677440 0.020000
809231210164105472 46.384210 20.099790 0.020000
1010140090174125696 46.397050 -9.334680 0.020000
1502081210164117504 46.456480 20.921270 0.020000
810071070174103040 46.493950 5.787490 0.020000
1209180040174139648 46.507070 -3.517000 0.020000
1410050040174127616 46.507170 -3.517990 0.020000
