1202221210484117760 140.344940 20.649480 0.020000
1105030040504134016 140.559260 -3.615240 0.020000
804011290454102400 140.612710 28.405770 0.020000
1004140040514122112 140.703280 -4.407290 0.020000
1201030150494145280 140.706550 -14.804010 0.020000
1402041290454120448 140.707320 29.490490 0.020000
1104051210484136576 140.719230 21.987840 0.020000
1405101400394121216 140.880530 41.424420 0.020000
904241490344134656 140.922580 50.403100 0.020000
803121090504107648 140.948950 8.830370 0.020000
1302181380414137344 140.973010 38.976880 0.020000
1202221230474123776 140.981360 23.814350 0.020000
1301081630244112128 140.993120 62.800010 0.020000
812011010514122496 141.001170 1.460650 0.020000
1204231090504125184 141.114200 10.052590 0.020000
1504181290454131456 141.136980 30.249550 0.020000
1304141120504133888 141.177280 13.247300 0.020000
1211131210484133376 141.212720 21.644100 0.020000
1611081550304129536 141.319000 55.583090 0.020000
1511190070504122880 141.352110 -7.336040 0.020000
