1504151350404127744 133.797900 35.738140 0.020000
1502100070484107264 133.806700 -8.161010 0.020000
1203021040484122368 133.842990 4.143660 0.020000
1303071520314141440 133.845690 52.914210 0.020000
1401201380394108416 133.884950 37.205600 0.020000
1202231380394131968 133.913320 38.486870 0.020000
1203251260444104960 133.974510 25.710260 0.020000
911210040484107264 133.999220 -5.329060 0.020000
1403090090484116480 134.009290 -10.444100 0.020000
1005081320414119040 134.015710 32.352550 0.020000
1003131120474123648 134.028470 12.643500 0.020000
1204111180464108288 134.038430 17.368780 0.020000
1505121180464109312 134.103960 17.552680 0.020000
1304181430364118784 134.130140 43.599570 0.020000
1602031350404123392 134.272080 35.278480 0.020000
1103090040484148224 134.290090 -3.341340 0.020000
1412281260444108032 134.499480 25.914990 0.020000
1211151260444107776 134.499840 25.915000 0.020000
711120010484141952 134.595230 -0.624710 0.020000
1111301040484136960 134.738280 4.691690 0.020000
