1311121010304112128 84.226870 0.401810 0.020000
803120120304156416 84.235340 -11.527050 0.020000
1411200070304135936 84.462050 -6.786700 0.020000
1102100210294107904 84.527460 -22.196340 0.020000
1411200070304110080 84.714640 -8.024300 0.020000
1312070070304130048 84.838160 -7.096060 0.020000
1603021070304118528 84.912330 6.213980 0.020000
1502120010314116608 85.155980 -2.089570 0.020000
1010310070314111232 85.245140 -7.800570 0.020000
1110031010314135296 85.395840 1.618880 0.020000
1511220040314104320 85.552290 -5.461220 0.020000
1101040090314130560 85.737780 -9.847430 0.020000
911180150304104320 85.755380 -16.669830 0.020000
1611021070314137600 86.290730 6.779020 0.020000
1110031010314155136 86.492730 2.351780 0.020000
1212041010314105856 86.575050 0.203320 0.020000
1011151010314107392 86.687510 0.192390 0.020000
1011080180304107904 86.796480 -19.423700 0.020000
1412290150304121600 86.798940 -16.005810 0.020000
1012140180304146304 86.800620 -17.706490 0.020000
