1502201430364130560 132.786470 44.564560 0.020000
1204211040484113152 132.797590 3.464060 0.020000
804011350404112000 132.805970 34.746870 0.020000
1512171150464121344 132.878230 15.482740 0.020000
1002160070474106112 133.081120 -8.291530 0.020000
1103010150464163456 133.098350 -15.026890 0.020000
1604191010484131072 133.119730 2.017430 0.020000
1502121180464127232 133.155350 18.559870 0.020000
1005121520304133248 133.196990 53.235040 0.020000
801010040484105216 133.203750 -5.379670 0.020000
1104041180464131584 133.219850 18.889600 0.020000
1312071010484142080 133.252460 2.073700 0.020000
1012031350404119424 133.509230 35.053310 0.020000
1105140070484114304 133.519820 -7.463320 0.020000
805061210454106112 133.539190 20.227560 0.020000
1301100070484108800 133.554690 -8.086500 0.020000
1511190070484109312 133.555590 -8.087040 0.020000
1012031380394141312 133.558180 39.093670 0.020000
1303030010484158720 133.707490 -0.210570 0.020000
1401110120474161664 133.788040 -11.526810 0.020000
