1003341 193.671860 15.438213 0.020000
1003342 193.778430 46.954873 0.020000
1003343 193.779800 46.955133 0.020000
1003344 193.814570 0.133273 0.020000
1003345 193.845330 14.794203 0.020000
1003346 193.960700 30.545563 0.020000
1003347 194.042020 62.651333 0.020000
1003348 194.055540 -14.115137 0.020000
1003349 194.078000 34.862883 0.020000
1003350 194.096710 15.723163 0.020000
1003351 194.097070 15.723933 0.020000
1003352 194.097350 15.724903 0.020000
1003353 194.154710 26.645353 0.020000
1003354 194.229350 36.410983 0.020000
1003355 194.248430 -17.593187 0.020000
1003356 194.254080 6.380583 0.020000
1003357 194.289920 39.940573 0.020000
1003358 194.383370 26.515043 0.020000
1003359 194.417740 11.163253 0.020000
1003360 194.431720 32.131083 0.020000
