1406080040914134016 254.439320 -4.734680 0.020000
1305171210864128000 254.474760 20.896050 0.020000
1206211150884114944 254.515590 14.609410 0.020000
904211040914106496 254.574010 2.944140 0.020000
1306281010914153984 254.585760 1.962640 0.020000
1006190010914178048 254.733770 -0.900950 0.020000
1406230090904110336 255.021470 -11.071340 0.020000
1309170010914156544 255.074070 -1.004160 0.020000
1404271570514119936 255.107050 57.508790 0.020000
906120010914104576 255.315890 -2.699570 0.020000
1104251230844112128 255.321700 23.253580 0.020000
1507081320794158592 255.440990 33.394330 0.020000
1104261120904156416 255.464970 13.358510 0.020000
1304161550544133120 255.535780 55.307410 0.020000
1505121070914175488 255.627840 7.939720 0.020000
1204150070914181120 255.920420 -6.513060 0.020000
1104141320794138752 255.924090 32.764600 0.020000
906221090914122496 255.931440 9.142990 0.020000
1504271400714111488 255.936850 39.990640 0.020000
804091210874153728 256.014980 21.595000 0.020000
