1404021430274113792 99.572780 42.825160 0.020000
1511221400284144896 99.664920 40.939910 0.020000
1201261660164154624 99.687810 67.339570 0.020000
1610231570204119040 99.823500 57.386270 0.020000
1212101350304169472 100.006590 35.845810 0.020000
1105021550224130816 100.773810 55.076890 0.020000
1212101520234135040 100.924530 52.209350 0.020000
805121400284123136 101.534300 40.551420 0.020000
1404021400284146432 101.613010 41.064480 0.020000
1502091400284150528 101.678920 41.349920 0.020000
904261490254112512 101.744470 48.514200 0.020000
1309061490254137856 101.856920 49.261670 0.020000
910291490254147840 101.872050 49.840910 0.020000
910261400294164608 102.018790 41.783820 0.020000
1104281380304112000 102.273420 37.108970 0.020000
1310271380304111872 102.273810 37.107910 0.020000
1511221380304114432 102.273950 37.107050 0.020000
1412231350314135552 102.538260 34.968860 0.020000
1104131400294149888 102.652530 41.514760 0.020000
1301141550224170240 104.045210 56.072870 0.020000
