1106051350744108800 249.968270 34.264570 0.020000
803041070894154880 250.008910 7.535440 0.020000
907111070894157312 250.074350 8.139620 0.020000
1604051520574102528 250.290460 50.972140 0.020000
1204301290794121728 250.426670 29.199760 0.020000
806061120884123776 250.444880 12.173830 0.020000
1306061460634149120 250.454400 47.564140 0.020000
1504131090894153984 250.516140 10.428070 0.020000
1209181090894150144 250.516340 10.428890 0.020000
1306081320774109952 250.525740 31.507490 0.020000
1306081320774122496 250.533410 32.102060 0.020000
1104131150874170880 250.604670 16.824470 0.020000
1110281630424126976 250.797520 63.978740 0.020000
1005070120884134656 250.976650 -13.256980 0.020000
1007041260814105600 251.015920 25.670820 0.020000
1206211260814129152 251.031940 26.820620 0.020000
904161070894101504 251.055220 5.699540 0.020000
1406281290794116096 251.114160 28.949400 0.020000
1404021430674141440 251.170360 44.314180 0.020000
1206081210854103808 251.205960 19.994550 0.020000
