1610110210234109184 67.935550 -21.848870 0.020000
902261040254117504 67.987240 3.806450 0.020000
1601121320214105344 68.119620 31.206200 0.020000
1312101290224178176 68.218330 30.815220 0.020000
1111231290224144384 68.221580 29.801370 0.020000
812020070254115584 68.443390 -7.542350 0.020000
1410151210244136960 68.666580 21.127680 0.020000
810091040254104960 68.685160 3.104450 0.020000
902191010254109312 68.824050 0.494680 0.020000
1503091210244133376 68.900200 21.251020 0.020000
911231090254113664 68.945250 9.143560 0.020000
1210270040254108928 69.046040 -5.081430 0.020000
1103011210244144768 69.172850 21.360020 0.020000
810300010254139648 69.229980 -0.359900 0.020000
812031010254110080 69.425340 0.513290 0.020000
1004051210244130560 69.440080 21.193750 0.020000
1102070180244109696 69.443520 -19.097990 0.020000
1111280090254147200 69.448280 -8.824780 0.020000
1310140090254142976 69.448500 -8.825650 0.020000
1511190090254143488 69.448570 -8.826490 0.020000
