1006161320804115328 259.225320 31.564050 0.020000
1304181400724141312 259.341790 41.066720 0.020000
907291120914164096 259.533460 13.318540 0.020000
1305121210884131584 259.569410 20.675450 0.020000
1409301290824135168 259.577040 29.595540 0.020000
1011131400724139648 259.652190 41.682630 0.020000
1403281630444138496 259.838590 64.052790 0.020000
1404260010934172416 259.909530 -1.025010 0.020000
1110221210884105600 259.991240 20.043380 0.020000
1309161230864155904 260.000530 24.930940 0.020000
1305101230864140032 260.008100 23.747590 0.020000
1406231120924183808 260.158360 13.474390 0.020000
909291180894139776 260.161140 18.633880 0.020000
1404071490634128896 260.196360 49.250950 0.020000
1206181070924179712 260.235950 7.809450 0.020000
1606161320804161792 260.254910 33.740870 0.020000
1208121320804163072 260.257110 33.740150 0.020000
1011131320804153216 260.258010 33.740230 0.020000
906141320804168832 260.258870 33.739620 0.020000
1206081260844152320 260.260380 27.550360 0.020000
