1111011291114153600 352.512610 30.550140 0.020000
1310240231164108288 352.550450 -24.804280 0.020000
1406281071254106624 352.605190 6.050580 0.020000
909151400974133888 352.632690 40.601740 0.020000
1510011291114145024 352.646210 30.734140 0.020000
1609090011264109568 352.679930 -2.070910 0.020000
1210140121244119808 352.689530 -12.810680 0.020000
1409031181214117120 352.696300 17.868860 0.020000
1011131071254112384 352.716020 6.493040 0.020000
1606081351044161536 352.829890 36.358220 0.020000
1609061261144134912 352.884330 27.334360 0.020000
1411240041264114176 352.948070 -4.585970 0.020000
1010120151224127360 353.048160 -15.007120 0.020000
812061381024156032 353.135580 39.220900 0.020000
1309290091254125312 353.196560 -9.734230 0.020000
1110190151224118016 353.304180 -15.962310 0.020000
1406091041264123136 353.365550 4.509650 0.020000
810311321084143232 353.367810 33.083300 0.020000
1609251400984119552 353.380180 40.366070 0.020000
1301181091254106368 353.543360 8.870560 0.020000
