1605261070624105728 173.297000 6.046750 0.020000
1206181230574132992 173.315300 25.037380 0.020000
1412011400484106496 173.379290 39.945000 0.020000
1103300040624122368 173.389380 -4.350900 0.020000
1412231010624110080 173.423220 0.725630 0.020000
1502191260564107008 173.425100 25.868400 0.020000
903031150604108032 173.437210 14.579960 0.020000
1305141070624108800 173.459230 6.206360 0.020000
1305311070624107008 173.532440 6.090980 0.020000
1202220040624132352 173.587880 -3.964380 0.020000
1301051230574132480 173.597900 24.743810 0.020000
1603131120614106112 173.615130 11.698630 0.020000
1301191180604110592 173.633440 17.629660 0.020000
1202181210594124032 173.689270 21.242600 0.020000
1312131090624102656 173.702130 8.603450 0.020000
1603311350524112384 173.774000 34.730010 0.020000
811231210594118912 173.774790 21.040260 0.020000
1304111120614116352 173.783050 12.163900 0.020000
1312281120614137088 173.802740 13.612040 0.020000
1504101290554127360 173.808820 30.168380 0.020000
