1001781 129.461310 6.642833 0.020000
1001782 129.462230 38.536943 0.020000
1001783 129.581520 16.877533 0.020000
1001784 129.629640 14.044183 0.020000
1001785 129.688300 49.215413 0.020000
1001786 129.744920 62.709453 0.020000
1001787 129.778080 34.564863 0.020000
1001788 129.861370 1.320403 0.020000
1001789 129.880510 28.506723 0.020000
1001790 129.916280 53.182463 0.020000
1001791 130.079960 -3.823387 0.020000
1001792 130.082240 14.285003 0.020000
1001793 130.119990 18.433773 0.020000
1001794 130.172730 0.122273 0.020000
1001795 130.283760 10.460163 0.020000
1001796 130.290530 33.319053 0.020000
1001797 130.331690 59.525013 0.020000
1001798 130.364050 21.048213 0.020000
1001799 130.375900 11.419483 0.020000
1001800 130.422020 46.909803 0.020000
