1511121520244101120 104.735610 50.826540 0.020000
1001061320334228608 105.152790 31.955580 0.020000
1111031320334130176 105.152920 31.955300 0.020000
1403061320334126592 105.216870 31.959660 0.020000
1104291400294112256 105.453820 39.997550 0.020000
1301211350324164352 105.702990 36.246750 0.020000
1402051320334130432 105.863620 32.068510 0.020000
801111400304151936 106.197240 41.421680 0.020000
803091380314119040 106.254410 37.418110 0.020000
1310271400304156672 106.323190 42.096870 0.020000
801311320334131328 106.676300 32.349630 0.020000
1101281350324101632 106.788420 33.883450 0.020000
1610241600204126464 107.093690 60.894230 0.020000
1512161320334177280 107.231840 33.685970 0.020000
812061490264126592 107.468410 49.105790 0.020000
1601141430294148352 107.670440 44.236130 0.020000
1302071350324174080 107.825390 36.453020 0.020000
812311430294141184 107.858280 44.068060 0.020000
1210131570224128000 108.268890 57.636030 0.020000
1109301400304127872 108.426210 40.474000 0.020000
