1506130071214103040 342.399320 -8.273260 0.020000
1510100091214116608 342.414880 -10.152810 0.020000
1311041121204140544 342.479320 13.472560 0.020000
1610090121204115712 342.498550 -12.854670 0.020000
1506291321054121984 342.626020 32.219400 0.020000
1211140261114102784 342.685260 -28.110910 0.020000
1206161291084136704 342.850860 29.662810 0.020000
1409261291084137472 342.851830 29.662900 0.020000
906221151194126592 342.879400 15.448470 0.020000
1508200121214134784 343.048270 -11.854220 0.020000
907280181184117120 343.355250 -18.665190 0.020000
908161041234127104 343.400040 4.452940 0.020000
1007060071224126720 343.479750 -6.783780 0.020000
1110150071224124288 343.480580 -6.784030 0.020000
1306110071224126976 343.481780 -6.784330 0.020000
1406210071224121600 343.482610 -6.784590 0.020000
1512090071224122624 343.483530 -6.784830 0.020000
911081091224117504 343.526940 9.387490 0.020000
1409201321054134016 343.544380 32.192920 0.020000
711091181184137600 343.630900 19.213550 0.020000
