1506131090754102272 212.238620 8.603080 0.020000
1201131260694106112 212.245860 25.836430 0.020000
1303071070754142720 212.248980 7.927710 0.020000
1106060010764124288 212.313720 -1.181870 0.020000
1401030070754124544 212.316540 -7.111910 0.020000
1404081010764113152 212.394920 0.788400 0.020000
1604031400594114048 212.439050 40.430050 0.020000
1502141180734110208 212.479940 17.532070 0.020000
805061180734111872 212.495170 17.748580 0.020000
1604271180734110720 212.495420 17.763490 0.020000
805020120754126080 212.509210 -12.802430 0.020000
904181150744142336 212.577110 16.894110 0.020000
1602160090764120064 212.685710 -10.159790 0.020000
804151230704117760 212.757240 24.005530 0.020000
1402221260694102016 212.768390 25.513870 0.020000
1104051010764122496 212.768740 1.198080 0.020000
1303241400594101760 212.817810 39.610340 0.020000
804240070764110336 212.823220 -7.747360 0.020000
1607081520484130560 212.857060 52.823540 0.020000
1106281090764135424 212.869000 11.059740 0.020000
