1001081090274108160 75.827190 8.730680 0.020000
1003041210264112896 75.875610 20.146710 0.020000
1310071010274131968 75.896400 1.571600 0.020000
910241210264181760 76.217610 22.176130 0.020000
1511221210264184832 76.262840 22.425130 0.020000
1401091290244195584 76.301590 30.721970 0.020000
1601041290244191232 76.301910 30.721540 0.020000
1503161210264180480 76.355990 22.286490 0.020000
1003211090274101632 76.361840 8.570700 0.020000
1510130180274145024 76.469400 -17.375770 0.020000
1112011320244178688 76.615080 32.812200 0.020000
902200180274146048 76.746840 -16.992210 0.020000
812211120274147584 76.817620 12.887290 0.020000
1101251070284140800 76.907830 7.256830 0.020000
1211230090284149504 76.936250 -8.865700 0.020000
1001121260254192000 76.972920 27.849680 0.020000
1012110090284133632 77.198150 -9.579720 0.020000
1201271040284172032 77.408430 5.488830 0.020000
1010011210274162944 77.430010 21.491360 0.020000
1003151090284108032 77.464170 8.792330 0.020000
