1210090180034141696 8.263490 -17.321770 0.020000
1211061320034107392 8.265840 31.393140 0.020000
1101151380034121344 8.266650 38.018210 0.020000
1201041040034112512 8.331410 3.804830 0.020000
711091210034126464 8.393160 21.690740 0.020000
1410170260034129408 8.528180 -25.923970 0.020000
1201261290034138112 8.628470 30.401730 0.020000
711121090044117120 8.731340 10.077050 0.020000
810311260034134528 8.749850 27.605540 0.020000
806081230034109952 8.797150 23.254190 0.020000
1310221260034120448 8.807620 26.748130 0.020000
1209210010044118784 8.931400 -1.630150 0.020000
1009160150044112000 8.964280 -16.056550 0.020000
1309241090044129280 8.985560 10.475030 0.020000
1607081090044127744 8.986410 10.474810 0.020000
1509181180044124160 9.071260 18.353440 0.020000
1509241210044132608 9.149200 21.857180 0.020000
1101151400034126080 9.168340 40.861930 0.020000
1011080040044131072 9.169730 -3.616630 0.020000
1311081150044101888 9.266590 14.202790 0.020000
