1607041211124111616 332.715110 20.223150 0.020000
1406230181144128256 332.816250 -18.143730 0.020000
910200091184135680 332.848290 -9.212320 0.020000
1005190041194148608 332.869670 -3.087720 0.020000
1106230121174138752 332.994560 -11.697240 0.020000
911211261084134912 332.996970 26.651530 0.020000
1212080121174102784 333.000830 -13.999890 0.020000
909111151154137856 333.133290 16.027860 0.020000
1208251011194110464 333.173140 0.512010 0.020000
1310231011194130688 333.182510 1.800930 0.020000
1209220121174144000 333.200060 -11.715610 0.020000
1411260211134110208 333.256920 -21.923440 0.020000
805111071184118016 333.410450 6.781680 0.020000
909171181144114432 333.433480 17.547760 0.020000
906021181154110720 333.720060 17.513100 0.020000
909270011194135552 333.832400 -0.549080 0.020000
711130071184114304 333.858200 -7.381980 0.020000
1512161291054144000 333.877730 29.785340 0.020000
1308091011194131968 334.057550 1.685070 0.020000
1411240011194125056 334.084250 -1.267620 0.020000
