1104291230534105600 158.689890 22.964880 0.020000
1403251320494118656 158.854810 32.200590 0.020000
1502271350474110720 158.873360 34.573020 0.020000
1101031210544131968 158.950510 21.837980 0.020000
1212121380464142080 158.951000 39.007750 0.020000
1312251150554113024 158.958260 14.968760 0.020000
1112281400444128896 158.962490 41.166490 0.020000
1511131400444105472 158.981210 39.907130 0.020000
1101241090574129536 159.004330 10.709550 0.020000
1502110150554135296 159.008740 -14.706020 0.020000
1305151490394125824 159.035750 49.714130 0.020000
1601281400444102400 159.274830 39.713920 0.020000
1102230010574103680 159.319730 -2.598910 0.020000
1204221550344115712 159.319850 54.583960 0.020000
1501181350474132224 159.339140 36.189630 0.020000
1604141010574127616 159.360680 2.108800 0.020000
1511191290514126336 159.366260 30.183880 0.020000
1203251290514127104 159.366950 30.184470 0.020000
1106111350474117120 159.399310 35.181180 0.020000
905161120564121728 159.411030 12.713940 0.020000
