1002141070634135040 177.765240 7.980180 0.020000
901021230594134400 177.794250 24.672920 0.020000
1606161090634117632 177.822080 9.974020 0.020000
1403311090634104576 177.890450 8.755060 0.020000
1005091210604139776 177.952170 22.480900 0.020000
1601031120634129920 177.981390 13.519990 0.020000
1302140040644124416 177.989540 -4.376100 0.020000
1203131070634112000 178.032870 6.197800 0.020000
802291290564121088 178.059140 30.177040 0.020000
1201230010644109056 178.129810 -2.277200 0.020000
1505240120634111488 178.166390 -13.301030 0.020000
1303150180614114304 178.218080 -18.988860 0.020000
1206121210604127744 178.238860 21.713350 0.020000
1412151260584131584 178.290390 27.628760 0.020000
1304111090634120448 178.317790 9.611800 0.020000
802011320554108032 178.375940 31.976670 0.020000
1403131630304119040 178.378220 63.605320 0.020000
1203160260584151552 178.410020 -25.903740 0.020000
1102101180614107008 178.449270 17.397720 0.020000
1205211040644123392 178.458400 4.556820 0.020000
