1005050070674106112 187.465110 -8.153210 0.020000
1003181460474129408 187.473070 47.010620 0.020000
1201251090674127360 187.489640 10.068580 0.020000
804151290594104576 187.490450 28.593920 0.020000
1204111070674115328 187.542610 6.593150 0.020000
1303021230624130816 187.558690 25.301980 0.020000
1103250070674112256 187.567020 -7.766310 0.020000
911231120664112512 187.625190 12.071920 0.020000
1302231210644123904 187.629940 21.698660 0.020000
804031400524129152 187.670020 41.637800 0.020000
905181290594110464 187.703220 28.950400 0.020000
1303141090674107392 187.712700 8.871360 0.020000
1304011090674106880 187.712810 8.871230 0.020000
1105201290594110848 187.853840 29.130820 0.020000
1102061230624108160 187.883740 23.095580 0.020000
1605301490454126592 187.886690 49.844660 0.020000
1201291490454131200 187.888040 49.844510 0.020000
1503291090674127872 187.889160 10.367490 0.020000
1304041260614122496 187.894790 26.686970 0.020000
1603110090674106624 187.945570 -10.899450 0.020000
