1310310181204127232 351.158160 -17.904620 0.020000
801010071244101248 351.329980 -8.305230 0.020000
1309061351044128000 351.388270 34.972720 0.020000
1508200181214114816 351.409680 -18.820270 0.020000
1006181091244116352 351.439670 9.278210 0.020000
911160011254116096 351.464400 -1.673270 0.020000
809301291114104832 351.580930 28.447200 0.020000
1012131381014109184 351.662690 37.030850 0.020000
1309050231164133376 351.802070 -23.420310 0.020000
909291400974147968 351.817720 41.530300 0.020000
1005051351044153600 352.090720 36.532120 0.020000
809281151224118144 352.113400 15.297890 0.020000
1309231430934112768 352.189720 42.713120 0.020000
1210061091254108416 352.227020 8.914320 0.020000
1509171011264130048 352.306960 1.936770 0.020000
1410230181214131456 352.311680 -17.458120 0.020000
1107021041264109184 352.333910 3.385820 0.020000
909271041264115968 352.357640 4.010110 0.020000
1007051071254133888 352.410550 8.008040 0.020000
1408310041264114176 352.503700 -4.721950 0.020000
