810251320174128000 55.526550 32.618740 0.020000
909191150204116736 55.564790 15.037680 0.020000
910271380164178048 55.567810 38.985140 0.020000
1312240040204116480 55.570350 -4.721820 0.020000
1101290040204119808 55.602500 -4.591550 0.020000
1311260120204112384 55.634530 -13.238510 0.020000
1203151320184121344 55.806880 32.012570 0.020000
909201070204117376 55.886450 6.730540 0.020000
903291320184120576 55.938170 32.066330 0.020000
1011011150204123136 55.964720 15.673650 0.020000
909271210194141696 56.008280 21.952060 0.020000
1209141090204129024 56.023970 10.344910 0.020000
1310310210194101248 56.136470 -22.509160 0.020000
1309011180204130048 56.146940 18.431760 0.020000
1610211180204120832 56.147260 18.430820 0.020000
1602081350174106112 56.161370 34.117910 0.020000
1309281260194162432 56.312020 27.911340 0.020000
902190010214113664 56.314290 -1.871160 0.020000
712050010214119040 56.336740 -1.353000 0.020000
1210110090204111872 56.351600 -10.570230 0.020000
