1503130010784109312 218.162170 -2.208030 0.020000
1104271430584112000 218.170000 42.978200 0.020000
1304031120774114560 218.175400 12.093030 0.020000
1303071090774127872 218.185070 9.886760 0.020000
1204251210744110592 218.247900 20.239320 0.020000
1306101350654101248 218.292530 33.905990 0.020000
1405241210744104960 218.361480 20.009400 0.020000
803130150764104064 218.466610 -16.753140 0.020000
1305071400614115584 218.495010 40.239740 0.020000
1604271210744131328 218.646980 22.047250 0.020000
1204251210744104192 218.665880 19.866920 0.020000
1502191290694118144 218.681350 30.086730 0.020000
803290010784136832 218.750940 -0.768420 0.020000
1204210070784124928 218.753160 -7.321620 0.020000
1603021150764141312 218.780010 16.896660 0.020000
1304101150764142592 218.780990 16.896930 0.020000
1505131120774134016 218.781310 13.355180 0.020000
1104041150764142592 218.781910 16.897120 0.020000
1405051120774137856 218.793920 13.829580 0.020000
1304061290694140928 218.995110 30.590870 0.020000
