1205280181064171008 308.634220 -17.234920 0.020000
1306010121094165248 308.845030 -11.841450 0.020000
1505250121094130688 309.184210 -13.199030 0.020000
1309120211044132608 309.205060 -21.432410 0.020000
1306200151074106880 309.662080 -16.693680 0.020000
1006040091104115968 309.752900 -10.778390 0.020000
1208130041114126080 309.907000 -4.485510 0.020000
1306120091104126208 309.966020 -10.458020 0.020000
1011160151074147712 310.005840 -14.819020 0.020000
809210041114126848 310.292160 -4.634060 0.020000
1405280151074111232 310.296670 -16.524290 0.020000
1209220011114136576 310.330170 -1.712710 0.020000
1507080091104135936 310.695180 -9.897380 0.020000
1109190011114173184 310.744990 -0.564840 0.020000
1210040071104182016 310.899610 -5.887870 0.020000
906170041114142336 310.983090 -4.261680 0.020000
1109300011114151168 311.344940 -1.167910 0.020000
1309240181074153216 311.957010 -17.754410 0.020000
1306141011114135808 312.037830 0.977670 0.020000
1006130071114181760 312.056420 -5.803610 0.020000
