1412291380204110848 69.495010 37.049630 0.020000
1002181010254112768 69.621260 0.671080 0.020000
1410011230234143232 69.770500 24.155400 0.020000
1211220040254102528 69.850540 -5.534730 0.020000
811031090254112640 69.859200 9.142100 0.020000
1211250040254118656 69.874910 -4.600070 0.020000
1512301120254121728 70.032310 12.514250 0.020000
1511081150254112000 70.087970 14.632440 0.020000
809280120254121344 70.107560 -12.629690 0.020000
902191010254145920 70.113100 2.550290 0.020000
1111231290234184576 70.177060 30.673550 0.020000
1111161070254130944 70.203380 7.755220 0.020000
1112311070254117376 70.204300 6.519880 0.020000
1503291260234109440 70.411730 25.940380 0.020000
1412280070254105600 70.460940 -8.135520 0.020000
1610121230244114432 70.469550 23.130090 0.020000
711150010264146048 70.566810 -0.392750 0.020000
1611061290234141952 70.723040 29.481290 0.020000
1301070040264138496 70.740740 -3.589890 0.020000
903161180254156544 70.918560 19.238860 0.020000
