1112291380484131968 167.189600 38.606720 0.020000
1105031290534135296 167.346950 30.441010 0.020000
1312311010604112640 167.368330 0.752210 0.020000
812041260544128128 167.387240 27.411190 0.020000
1304161260544128256 167.402890 27.195600 0.020000
1203231490404144384 167.406620 50.658100 0.020000
1305021290534103808 167.479810 28.450360 0.020000
1605031180584104704 167.481190 17.262070 0.020000
1002171350504148224 167.504080 36.417470 0.020000
1602071090604104192 167.526170 8.720460 0.020000
1401101290534111744 167.530850 28.945500 0.020000
904300040604104064 167.579020 -5.371710 0.020000
1302181230554144000 167.580100 25.099070 0.020000
1012111230554117760 167.584400 23.696520 0.020000
901190090604127488 167.659470 -9.473990 0.020000
1002171380484109568 167.719510 37.163210 0.020000
1503151210574109696 167.743600 20.435100 0.020000
1504181260554131712 167.791130 27.621960 0.020000
1312310070604132352 167.842900 -6.536340 0.020000
1204221570344112384 167.861950 57.210810 0.020000
