1002821 174.042640 28.855313 0.020000
1002822 174.072840 60.819453 0.020000
1002823 174.241090 45.047423 0.020000
1002824 174.270000 15.503933 0.020000
1002825 174.285920 51.614143 0.020000
1002826 174.301120 37.771613 0.020000
1002827 174.316050 -3.263137 0.020000
1002828 174.349410 23.577413 0.020000
1002829 174.355280 32.856183 0.020000
1002830 174.396460 -7.151737 0.020000
1002831 174.426500 26.524463 0.020000
1002832 174.462230 0.738253 0.020000
1002833 174.485770 10.927223 0.020000
1002834 174.550690 41.264783 0.020000
1002835 174.579450 -5.759127 0.020000
1002836 174.581040 4.042643 0.020000
1002837 174.585980 10.723213 0.020000
1002838 174.648980 46.175873 0.020000
1002839 174.712270 45.849483 0.020000
1002840 174.833780 -12.030967 0.020000
