1003461 197.806220 7.877923 0.020000
1003462 197.812590 54.601183 0.020000
1003463 197.862600 12.976943 0.020000
1003464 197.894580 -4.368937 0.020000
1003465 197.902430 -3.327847 0.020000
1003466 197.957810 12.873173 0.020000
1003467 197.977640 -4.298217 0.020000
1003468 197.990070 -22.873387 0.020000
1003469 198.090830 -16.757867 0.020000
1003470 198.108750 27.220963 0.020000
1003471 198.109740 -19.037467 0.020000
1003472 198.140980 -19.298827 0.020000
1003473 198.169570 -4.541337 0.020000
1003474 198.198050 31.921293 0.020000
1003475 198.211850 -4.380487 0.020000
1003476 198.218630 27.003553 0.020000
1003477 198.253040 20.630283 0.020000
1003478 198.289160 48.227383 0.020000
1003479 198.301290 2.478853 0.020000
1003480 198.378110 43.562963 0.020000
