1103090210754157696 221.075060 -20.329830 0.020000
904180210754153856 221.076620 -20.328910 0.020000
805110210754143872 221.077380 -20.328370 0.020000
1404251490534112000 221.078890 48.707860 0.020000
904251490534131584 221.175370 49.729290 0.020000
1204240120784120320 221.221070 -13.188340 0.020000
1205251260724133120 221.263360 27.444690 0.020000
1403111040794128384 221.377380 4.498210 0.020000
1404091320684140032 221.426030 33.625190 0.020000
1202290070794150400 221.444440 -6.009480 0.020000
1203030150774108160 221.472200 -16.483860 0.020000
1002171210754109056 221.494330 20.139010 0.020000
1502081460564118272 221.505990 46.555200 0.020000
1604031350664125952 221.512100 35.458440 0.020000
1402261230734113280 221.516370 23.338420 0.020000
1205251150774142976 221.550030 16.884050 0.020000
904031090794128896 221.759960 9.960390 0.020000
1305121040794120448 221.762360 3.830750 0.020000
1604161460564112384 221.772960 46.056150 0.020000
1206181040794128896 221.778680 4.608120 0.020000
