810300041124157952 312.318490 -3.292610 0.020000
1105250041124147200 312.528850 -3.839240 0.020000
1110221071114172160 312.939420 7.884690 0.020000
1210040041124149504 312.942700 -3.974300 0.020000
809200091114102016 312.955910 -11.256200 0.020000
1107030071114165760 313.217750 -6.244680 0.020000
1308280011124107520 313.219830 -2.664670 0.020000
908290181084101504 313.534010 -19.674030 0.020000
1104110041124106240 313.789870 -5.579680 0.020000
1104300121104103936 313.909380 -14.066890 0.020000
1308280121104103168 313.910240 -14.067140 0.020000
1511020121104101888 313.911070 -14.067410 0.020000
1505131041124105728 314.157160 2.978450 0.020000
904270071114129024 314.272080 -7.407250 0.020000
806070151094160128 314.406530 -14.468490 0.020000
1609030181084104448 314.424780 -19.578090 0.020000
1309230011124158976 314.533320 -0.832320 0.020000
1606060121114112256 314.586090 -13.623100 0.020000
1306200041124124416 314.608680 -4.854300 0.020000
1207180041124185088 314.716440 -2.973960 0.020000
