911201490314109312 127.285030 48.444230 0.020000
1611091010464105216 127.372970 0.223340 0.020000
1405261260424118528 127.450450 26.773500 0.020000
1201131260424117504 127.451430 26.773960 0.020000
1312070010464142592 127.489420 -1.033730 0.020000
1402221400364117248 127.572350 40.437550 0.020000
1604051350384130304 127.717410 36.212560 0.020000
1512060070464171264 127.776840 -5.711640 0.020000
803051260424104192 127.800530 25.622840 0.020000
801010010464118400 127.846440 -2.040330 0.020000
1312141630224136192 127.950730 64.574890 0.020000
1201021430344132352 128.022020 44.168210 0.020000
1205221490314114816 128.096720 49.222430 0.020000
1312121150454131200 128.223210 15.715790 0.020000
1204271380374105856 128.261280 37.100390 0.020000
811211260424107520 128.597070 25.814410 0.020000
1501221460334127104 128.670600 46.965870 0.020000
1205201210444122112 129.079110 21.351390 0.020000
902131090464114432 129.173670 9.234820 0.020000
802031260424140032 129.215620 27.443580 0.020000
