1002761 171.705910 7.127853 0.020000
1002762 171.768340 -18.921537 0.020000
1002763 171.805870 34.331003 0.020000
1002764 171.811220 29.021703 0.020000
1002765 171.872610 -4.588407 0.020000
1002766 171.953020 -5.676077 0.020000
1002767 171.980360 10.130253 0.020000
1002768 171.995400 36.374643 0.020000
1002769 172.032690 -13.159327 0.020000
1002770 172.090570 23.824323 0.020000
1002771 172.296650 36.039043 0.020000
1002772 172.309390 37.088143 0.020000
1002773 172.512870 28.146693 0.020000
1002774 172.594010 33.866803 0.020000
1002775 172.598480 2.276433 0.020000
1002776 172.599960 14.921433 0.020000
1002777 172.641480 13.184793 0.020000
1002778 172.686090 13.170113 0.020000
1002779 172.705040 26.675103 0.020000
1002780 172.731930 22.393553 0.020000
