1504151320414103296 131.570060 31.265490 0.020000
1410241120474136576 131.585720 13.343530 0.020000
1201200150464142336 131.760150 -15.699510 0.020000
1311021260434104064 131.830220 25.634770 0.020000
1310311090474134528 131.875460 10.419700 0.020000
1312241460334126336 131.934730 46.876400 0.020000
1102241290424127872 131.948720 29.959060 0.020000
1004121520304104960 131.991570 51.144790 0.020000
903231350394105088 131.993100 34.122360 0.020000
1312241210454119424 132.080890 20.951130 0.020000
1511031600254127104 132.127480 61.149820 0.020000
1412151380384100864 132.334820 36.715870 0.020000
1510121290424116480 132.419190 29.294100 0.020000
1105131490324110848 132.501520 48.916240 0.020000
712031180464106496 132.509160 17.327120 0.020000
1403291290424119296 132.509650 29.460970 0.020000
901200120474150656 132.540140 -12.226460 0.020000
1501191350404113408 132.671970 34.642610 0.020000
902251260434115200 132.759590 26.381730 0.020000
901181040484106880 132.780840 3.142910 0.020000
