1106101290854138496 268.219110 29.371930 0.020000
1309141380774130944 268.539910 37.954890 0.020000
1505121260874153472 269.032120 26.926310 0.020000
1110211570544121216 269.138780 57.490820 0.020000
1106101350804125568 269.202990 34.733230 0.020000
1305101350804156928 269.226460 35.514160 0.020000
1510241350804122112 269.472480 34.707690 0.020000
1410131320834119680 269.677990 31.623790 0.020000
1005101400754113792 269.754770 39.930840 0.020000
1404231400754128896 269.836400 40.418940 0.020000
1607031320834188288 269.885840 33.582820 0.020000
1609251320834119936 270.165530 31.763070 0.020000
1210251520614129664 270.204180 52.543130 0.020000
1505221380784149760 270.411070 38.297320 0.020000
1305101380784129536 270.693530 37.513210 0.020000
1511101380784124416 270.693710 37.512370 0.020000
1106101320834120320 271.443030 31.671640 0.020000
1505211290864143360 271.543260 29.699490 0.020000
1111281380784154880 272.018610 38.771440 0.020000
1605271350814117632 272.186380 34.456690 0.020000
