1405121380624103424 215.213770 36.955690 0.020000
1106101380624102656 215.215120 36.955510 0.020000
1304151460544143360 215.230820 47.708620 0.020000
1306111150754117632 215.247520 15.161940 0.020000
1304181600404137728 215.313040 61.571090 0.020000
1505121350644125440 215.362000 35.442210 0.020000
1201260180744151040 215.363930 -17.512810 0.020000
1305211400604124928 215.380990 41.438690 0.020000
1506141260704124672 215.412240 26.958750 0.020000
903191260704110976 215.477630 26.017230 0.020000
806231320664126720 215.524050 33.762800 0.020000
1404011460544121344 215.606790 46.620610 0.020000
805050070774131200 215.741140 -6.680620 0.020000
806230040774108288 215.830340 -5.017400 0.020000
1202251040774141184 215.850050 4.896690 0.020000
1607071210734117376 215.865440 21.018140 0.020000
1305131120764121088 215.931360 12.418550 0.020000
902271150754144000 215.956680 16.655310 0.020000
905231070774139904 216.025130 7.769520 0.020000
1203011070774116352 216.028370 6.577510 0.020000
