1110241430314158208 114.631780 44.894180 0.020000
1601161090414163712 114.741600 10.649360 0.020000
1412151400324112640 114.802810 40.079550 0.020000
803031210394160512 114.838170 22.415000 0.020000
1601291090414175744 115.123570 10.933320 0.020000
1403081120414113792 115.135390 11.750110 0.020000
1111181230384140288 115.136480 24.150110 0.020000
904261550254119808 115.665750 54.740310 0.020000
911111210394136064 115.986350 21.175300 0.020000
1111031400324158592 116.002010 41.917690 0.020000
910291320364139136 116.082000 32.913370 0.020000
803101320364113920 116.117990 31.704990 0.020000
803101320364109056 116.187510 31.470370 0.020000
1411161400324115456 116.191430 40.230260 0.020000
1510121260384121600 116.290020 26.448650 0.020000
1309231230394117376 116.488670 23.371250 0.020000
1512061260384150272 116.668340 27.583050 0.020000
1104041180404115456 116.669190 17.570220 0.020000
1601131260384143360 116.684400 27.358520 0.020000
1604011380344147200 116.719860 39.022830 0.020000
