1302151090204131584 54.670980 10.307560 0.020000
1001131320174130048 54.673710 32.588490 0.020000
1301161230184124928 54.753600 23.790150 0.020000
1212040070204124160 54.780970 -6.821340 0.020000
711021260184122112 54.821360 26.554880 0.020000
910230090204201728 54.949090 -11.223620 0.020000
1410041090204126208 54.958110 10.172580 0.020000
1310111090204125184 54.977160 10.307730 0.020000
809231210194242816 54.997950 22.443480 0.020000
1512060210194115584 55.033720 -21.419570 0.020000
1002161380164181760 55.042330 39.212590 0.020000
1311080040204127744 55.087860 -3.833620 0.020000
910150040204143488 55.135690 -2.914870 0.020000
1010291010204113664 55.181060 1.059280 0.020000
1312310210194108416 55.204210 -22.048790 0.020000
809291120204121984 55.227930 12.772580 0.020000
1209190040204133888 55.246330 -3.846370 0.020000
1001081090204115968 55.258580 9.589930 0.020000
909290090204123392 55.294450 -9.596350 0.020000
1311260120204125440 55.501070 -12.286170 0.020000
