904021400654105088 233.698220 39.846070 0.020000
1203281070834142720 233.712980 7.491830 0.020000
1503210150814172416 233.733190 -14.315120 0.020000
804111260764116736 233.736600 26.604490 0.020000
1206161150814110464 233.758910 14.782250 0.020000
1305211380674115584 233.960650 37.682020 0.020000
1103301210794125312 233.994810 21.311890 0.020000
1105031210794110976 234.013800 20.305820 0.020000
1403281320724122368 234.054110 32.253800 0.020000
1306061520534131456 234.082940 52.609480 0.020000
1406051460594128640 234.130170 46.903930 0.020000
804271320724132864 234.143380 33.481130 0.020000
1204011320724136448 234.145470 33.016280 0.020000
1605030210794103552 234.191550 -22.497420 0.020000
1606071230774110976 234.298010 23.224810 0.020000
805031290744116224 234.361470 29.172730 0.020000
1505241120834142464 234.407060 13.329360 0.020000
1205161380684113664 234.439200 37.439800 0.020000
1106241070834132864 234.477920 7.161640 0.020000
1306181320724134400 234.495900 33.216660 0.020000
