1112301040104137984 27.771770 5.059770 0.020000
1601181430084107008 27.780940 42.626800 0.020000
1011011150104102912 27.841220 14.313160 0.020000
1610051290094112768 27.892240 29.089750 0.020000
712060010104114816 27.907310 -1.710770 0.020000
1211201210104124160 27.948800 21.272650 0.020000
908281120104139136 27.966210 14.013330 0.020000
1411180150104107008 28.070780 -16.411540 0.020000
1610211260104103424 28.098670 25.613130 0.020000
810311320094143616 28.132120 33.464440 0.020000
1509241180104136960 28.147530 19.183890 0.020000
1602091150104242176 28.172310 16.741370 0.020000
1111181180104130048 28.258580 18.541800 0.020000
1610131180104104960 28.330680 17.314810 0.020000
810261350094107392 28.339550 34.149030 0.020000
810010070114130688 28.591760 -6.274070 0.020000
812311010114128384 28.720240 1.886350 0.020000
809091260104139776 28.756630 28.077280 0.020000
911231010114107264 28.930920 0.468710 0.020000
711011210104109440 29.027480 20.567640 0.020000
