812041350374140160 123.227470 36.201220 0.020000
1301131040444124672 123.437910 3.622550 0.020000
1403041090444115968 123.535110 9.133110 0.020000
803031260404130688 123.554790 27.327490 0.020000
904181230414133248 123.556620 24.394500 0.020000
802021070444156800 123.562170 8.080620 0.020000
804090010444152064 123.578770 -0.839480 0.020000
1502221210424111360 123.605700 20.357130 0.020000
1302181400354146816 123.631530 42.266560 0.020000
804061320384115712 123.698950 31.933360 0.020000
1502221180434114048 123.792100 17.666250 0.020000
1401110040454120704 123.806670 -4.907890 0.020000
1504161180434114560 123.833780 17.728960 0.020000
1501231570254138624 123.858820 58.709530 0.020000
1304111230414140416 123.910890 24.621510 0.020000
804170010454142848 123.929850 -0.702400 0.020000
1201191570254149120 124.010250 58.806690 0.020000
801131430334134016 124.141530 44.419200 0.020000
1502071520284106240 124.249040 51.209750 0.020000
912151070444105472 124.301030 5.868880 0.020000
