1504151350724111360 242.255940 34.440260 0.020000
1305300090864133632 242.273510 -10.056570 0.020000
904190090864153088 242.315880 -9.587860 0.020000
1405020090864142848 242.386100 -9.833770 0.020000
1205171400674125056 242.504190 41.068580 0.020000
1404251460614134784 242.598370 47.077850 0.020000
907271090864112512 242.615130 9.127370 0.020000
1604300010874152192 242.617060 -0.687290 0.020000
1405250010874131456 242.617420 -0.686480 0.020000
1203160010874160640 242.617880 -0.685650 0.020000
1505211230804125184 242.624490 24.051300 0.020000
1503241350724118528 242.748590 34.856220 0.020000
1404021550524144128 242.914290 55.943520 0.020000
805151180844106368 242.942790 17.233680 0.020000
1103281350724109696 243.035440 34.276670 0.020000
905260150844165120 243.088620 -15.160720 0.020000
1404251460614126080 243.156200 46.567290 0.020000
1201301010874137600 243.268240 1.356880 0.020000
1003161320754141952 243.334910 33.319910 0.020000
1205260180844119296 243.584510 -19.113520 0.020000
