1602071210064115968 17.746690 20.856270 0.020000
1210090180074131712 17.754300 -17.478190 0.020000
1212051210064142592 17.771600 22.169370 0.020000
810290120074102912 17.828020 -13.854910 0.020000
810241260064139648 17.893530 27.989380 0.020000
809231150074107776 17.955130 14.640640 0.020000
809241350064130944 17.990000 35.290080 0.020000
812221320064119936 18.209770 32.138200 0.020000
809221210074124800 18.278120 21.880670 0.020000
908170010074131584 18.305840 -0.813500 0.020000
1309300150074129408 18.314910 -14.956300 0.020000
1511020070074126080 18.317570 -6.514540 0.020000
810301040074123648 18.422860 4.788320 0.020000
1308281290064116224 18.471940 29.037440 0.020000
1309021070074116352 18.485520 6.601140 0.020000
1109211120074116864 18.535210 12.382220 0.020000
1010301070074100992 18.544870 5.706910 0.020000
1010101430054165248 18.672410 44.479410 0.020000
1411301430054161152 18.673820 44.479240 0.020000
1211131260074105600 18.685070 25.669580 0.020000
