1102101210594143744 172.731930 22.360220 0.020000
1201250150604136960 172.786360 -14.960600 0.020000
1312310150604133888 172.786680 -14.961450 0.020000
1202181150604102656 172.795000 14.263810 0.020000
1004191430464114432 172.843350 43.377220 0.020000
1106070070614107648 172.844140 -7.835810 0.020000
1111281180604107648 172.938880 17.240410 0.020000
1202251090624111360 172.953140 8.994650 0.020000
1504241150604118016 172.953750 15.448210 0.020000
904231230574110720 173.014200 23.333470 0.020000
1511191460444107776 173.096300 45.717500 0.020000
1012110040624125440 173.109270 -3.909130 0.020000
1305120040624108032 173.128500 -5.180110 0.020000
1305021260564135936 173.137080 27.699020 0.020000
1503230150604103424 173.178280 -16.733490 0.020000
1101161290554104448 173.189970 28.510980 0.020000
1301181430464127488 173.190310 43.991020 0.020000
1601151430464122112 173.190790 43.990180 0.020000
1102101210594136064 173.244210 22.047670 0.020000
911081230574130176 173.280320 24.691900 0.020000
