1405301120844133376 239.629300 12.866280 0.020000
1504301070854120192 239.657600 6.775400 0.020000
1604181570484128000 239.719670 58.316490 0.020000
1303311570484131072 239.720620 58.317180 0.020000
1106040070854120192 239.830510 -7.738320 0.020000
1104261350714125696 239.917330 35.421490 0.020000
804031320744141312 240.015460 33.187190 0.020000
1005251350714115584 240.287140 34.844880 0.020000
910161320744124288 240.439680 32.582570 0.020000
803311040864112128 240.520000 3.275490 0.020000
804241150834132864 240.633970 16.292360 0.020000
1603201010864151808 240.689230 2.684990 0.020000
1503241230794109952 240.885800 23.113550 0.020000
1609061180834144512 240.942010 19.594430 0.020000
1309021260784140288 240.943270 27.461730 0.020000
1203261150844117504 241.044020 14.938390 0.020000
909231150844135424 241.079340 16.263610 0.020000
1607101380694141696 241.081440 39.470180 0.020000
906140150844159360 241.210650 -15.396220 0.020000
905260150844128128 241.348040 -16.142840 0.020000
