1212081180274143488 77.509750 18.011640 0.020000
1310070040284141568 77.545860 -3.474020 0.020000
1101271090284129280 77.583850 9.376900 0.020000
1211230090284118784 77.732250 -10.400330 0.020000
1111181120284107136 77.837250 11.578700 0.020000
1411220260264133888 78.277410 -26.331100 0.020000
1512301070284113920 78.474170 6.223650 0.020000
1111021290254190592 78.498450 30.115820 0.020000
1302231120284141056 78.513940 13.285380 0.020000
911091010284127232 78.582800 1.189130 0.020000
1603131600154132992 78.720640 60.520530 0.020000
1210270120284116736 78.738830 -13.130730 0.020000
1210200120284120576 78.738970 -13.130490 0.020000
1011281090284102144 78.740600 8.584150 0.020000
1303021230264103424 78.813590 22.662850 0.020000
1002061210274147200 78.911570 21.059470 0.020000
1202241290254205440 78.952610 30.509910 0.020000
1012081070284131072 79.168740 6.798240 0.020000
1001081010294126336 79.459140 0.904230 0.020000
902190010294102528 79.560560 -2.750770 0.020000
