901180090484103680 134.801780 -11.113310 0.020000
1401110090484144128 134.837310 -9.214170 0.020000
903171260444104064 134.894450 25.619750 0.020000
1602271600254113024 134.922140 60.274950 0.020000
1101031230454123776 134.982820 23.915150 0.020000
1312310070484126464 134.983100 -7.419540 0.020000
1203011430364110080 135.068960 43.021740 0.020000
1105121350404109440 135.069430 34.657650 0.020000
712201070484113152 135.099660 6.414130 0.020000
901180090484140032 135.109330 -9.446910 0.020000
1101131010494140416 135.147120 1.947350 0.020000
1401031490334109952 135.215720 48.419410 0.020000
1102241290434237952 135.287940 30.595750 0.020000
1603151090484137984 135.468400 10.849780 0.020000
1211141090484136192 135.509740 10.300030 0.020000
902010120484163072 135.542610 -11.508760 0.020000
1201291120484130048 135.554910 12.971890 0.020000
1204111210464120320 135.612140 20.846230 0.020000
1101031380394131712 135.652900 38.452090 0.020000
1203230070484145152 135.664170 -6.455440 0.020000
