805041010654112512 181.562450 0.964930 0.020000
803120180634113920 181.571340 -18.999460 0.020000
1202020040654134528 181.582670 -3.477300 0.020000
1103240040654148352 181.654870 -3.012810 0.020000
904030010654104832 181.814210 -2.558320 0.020000
802081230604137216 181.841410 25.113960 0.020000
1601151320564126208 181.881330 32.817470 0.020000
911101210624114688 181.902560 20.703720 0.020000
1104271490444118656 182.004510 49.225840 0.020000
1304151490444125184 182.006730 49.611180 0.020000
1301051230604112128 182.015680 23.378140 0.020000
1602141350544114688 182.030170 35.340790 0.020000
1603271180634114816 182.164930 18.291490 0.020000
1203040180634119168 182.191730 -18.606540 0.020000
1003120040654130944 182.229050 -3.628840 0.020000
1601311150634130176 182.233480 16.420660 0.020000
904030040654103296 182.254140 -5.485530 0.020000
1401021460464138240 182.281080 47.600350 0.020000
1401021460464138496 182.281190 47.591920 0.020000
805061180634116224 182.465630 18.168600 0.020000
