1000061 4.224600 35.350493 0.020000
1000062 4.313630 6.637383 0.020000
1000063 4.407390 -3.635487 0.020000
1000064 4.416630 -10.742347 0.020000
1000065 4.473120 13.827523 0.020000
1000066 4.498760 -4.407837 0.020000
1000067 4.538900 27.855423 0.020000
1000068 4.539380 -15.306477 0.020000
1000069 4.573200 -10.506457 0.020000
1000070 4.618160 21.955383 0.020000
1000071 4.648690 14.833543 0.020000
1000072 4.738960 3.368633 0.020000
1000073 4.744550 30.566793 0.020000
1000074 4.780430 40.606643 0.020000
1000075 4.815910 15.789003 0.020000
1000076 4.967680 43.683713 0.020000
1000077 5.117380 -1.028027 0.020000
1000078 5.127030 33.115363 0.020000
1000079 5.127060 33.115363 0.020000
1000080 5.128130 33.114733 0.020000
