1206091040884152576 246.300940 4.906740 0.020000
1404261150854122496 246.308700 15.676840 0.020000
1007051120874117120 246.334630 12.052520 0.020000
1606071570494121728 246.336780 57.737550 0.020000
1504271260804134144 246.371190 26.970500 0.020000
1104261400684131072 246.425710 41.311750 0.020000
805141230814106752 246.523790 22.845660 0.020000
804260040884140416 246.540360 -3.890220 0.020000
1405121380714142464 246.576520 39.423310 0.020000
1110241380714146048 246.577660 39.422910 0.020000
905021380714155264 246.578870 39.422960 0.020000
904190120874147712 246.582640 -12.932370 0.020000
1410021320764133376 246.632140 32.923870 0.020000
1205260230814129664 246.653570 -24.264970 0.020000
1306161290784123648 246.718230 29.379840 0.020000
1406101350734101760 246.719520 33.955950 0.020000
1403291320764152832 246.730470 33.639990 0.020000
804260010884151552 246.736670 -0.430160 0.020000
906151350734129920 246.788630 35.369650 0.020000
1006091120874119168 246.826620 12.076440 0.020000
