1000601 29.817480 1.532023 0.020000
1000602 29.858290 1.769953 0.020000
1000603 29.876010 -1.405907 0.020000
1000604 29.886100 -2.663957 0.020000
1000605 29.917530 4.933593 0.020000
1000606 30.015110 13.746533 0.020000
1000607 30.033750 -11.308127 0.020000
1000608 30.075200 15.808743 0.020000
1000609 30.123400 23.596523 0.020000
1000610 30.224750 13.904263 0.020000
1000611 30.233430 19.990783 0.020000
1000612 30.248970 13.410783 0.020000
1000613 30.276140 11.950663 0.020000
1000614 30.287020 8.794723 0.020000
1000615 30.367830 20.986643 0.020000
1000616 30.373680 26.294143 0.020000
1000617 30.376880 14.292703 0.020000
1000618 30.392260 12.925373 0.020000
1000619 30.399920 11.609133 0.020000
1000620 30.415060 15.366153 0.020000
