1206110040934111488 260.453580 -5.287020 0.020000
1205251430694120192 260.611480 43.276230 0.020000
1504211350774159360 260.630040 36.202770 0.020000
1305201350774155520 260.868070 36.063230 0.020000
909171290824153856 260.924720 30.497290 0.020000
711151400724125440 261.026350 41.236150 0.020000
1209171320804150016 261.059180 33.051120 0.020000
1007061070934182912 261.314630 7.546930 0.020000
1504221230864119552 261.395500 23.204210 0.020000
906141180904171904 261.409520 19.118270 0.020000
1603201600484115712 261.507980 60.183390 0.020000
1304211180904145152 261.753360 18.239160 0.020000
909291120924150656 261.890310 13.086910 0.020000
1604051150914112256 261.911020 14.482330 0.020000
1303181150914117376 261.911960 14.482470 0.020000
1006021120924132992 262.029300 12.261020 0.020000
909221150914166400 262.253910 16.018900 0.020000
810101210894113920 262.371270 20.302300 0.020000
1406091180904129280 262.401710 17.904530 0.020000
1007071210894180736 262.465000 22.135570 0.020000
