1603141150754129408 216.040010 15.991180 0.020000
1304301090774115840 216.091890 9.565750 0.020000
1403230070774114048 216.093330 -7.635200 0.020000
802280070774129152 216.110940 -6.562450 0.020000
1204011290684108544 216.154050 28.741080 0.020000
1407021320674127616 216.215340 32.960050 0.020000
1305031150754125824 216.306160 15.891090 0.020000
1405100010774111744 216.313750 -1.974520 0.020000
1106281150754114944 216.450220 15.250490 0.020000
1306080230714155776 216.478540 -22.634820 0.020000
1504011150754113792 216.571150 15.200850 0.020000
1604290120764109568 216.599090 -13.557020 0.020000
1506141350644109312 216.627880 34.473150 0.020000
905231120764123520 216.697670 12.591430 0.020000
804131090774140544 216.704760 11.017750 0.020000
1104061180754112000 216.891950 17.675860 0.020000
905231120764103040 216.992090 11.409420 0.020000
1604151230724114176 217.041850 23.508560 0.020000
1403230090774112512 217.149260 -10.538970 0.020000
1602041320674113280 217.167950 31.888310 0.020000
