1412300210244119808 70.939290 -21.142720 0.020000
802281070264102144 71.066880 5.791730 0.020000
804141230244222976 71.092520 23.652900 0.020000
1011030210244105600 71.185700 -22.205320 0.020000
904031350214144640 71.190420 35.462360 0.020000
809241180254136320 71.349980 18.406960 0.020000
1511200180254110976 71.357120 -19.032640 0.020000
1409031180254116864 71.371710 17.629050 0.020000
1101130070264123136 71.376570 -7.347980 0.020000
1110201090264162560 71.429650 11.149920 0.020000
1512161010264114944 71.430710 0.749740 0.020000
810300010264148096 71.637720 -0.157070 0.020000
1601141230244111872 71.649200 22.958880 0.020000
1302011090264101888 71.654010 8.509280 0.020000
1111241070264146944 71.793900 7.599110 0.020000
1103281350224120320 71.835620 34.475800 0.020000
812011090264120960 71.855820 9.410970 0.020000
1310251230244142848 71.874230 23.982150 0.020000
1112270040264130176 72.010640 -4.139600 0.020000
1511190090264135168 72.015630 -9.384540 0.020000
