1001001 51.512190 25.459323 0.020000
1001002 51.613570 7.162333 0.020000
1001003 51.697140 -16.560537 0.020000
1001004 51.715400 1.287013 0.020000
1001005 51.749660 14.699133 0.020000
1001006 52.049380 28.142033 0.020000
1001007 52.059150 38.052973 0.020000
1001008 52.166040 -1.011187 0.020000
1001009 52.214120 6.788363 0.020000
1001010 52.229180 5.414963 0.020000
1001011 52.258480 6.046293 0.020000
1001012 52.297300 28.702713 0.020000
1001013 52.301060 12.871573 0.020000
1001014 52.339430 5.737253 0.020000
1001015 52.351220 8.945233 0.020000
1001016 52.391280 18.458323 0.020000
1001017 52.438350 -10.436847 0.020000
1001018 52.452100 6.582023 0.020000
1001019 52.457380 4.836503 0.020000
1001020 52.526110 18.242513 0.020000
