1103111210754142976 221.825600 21.917140 0.020000
1603020180764137984 221.850460 -17.705960 0.020000
1305160180764144896 221.851310 -17.705640 0.020000
906191070794103552 221.861490 5.898170 0.020000
1105011520504112896 221.914790 51.684640 0.020000
1305201320684115968 221.934620 32.135510 0.020000
1112311040794127872 222.032130 4.287210 0.020000
1603021180764104448 222.069560 17.209890 0.020000
1606131550474124288 222.082320 55.291520 0.020000
1105251210754139520 222.179950 22.447880 0.020000
908021290704111104 222.292020 29.419560 0.020000
1306051430594137600 222.461040 44.542200 0.020000
905131350664118912 222.522110 34.849700 0.020000
1403120210754128384 222.581120 -21.437150 0.020000
1603310090794152960 222.619120 -8.650540 0.020000
1401070090794151936 222.619340 -8.649710 0.020000
1202210090794158080 222.619380 -8.648780 0.020000
1205251090794110720 222.629920 9.174420 0.020000
1605091630384130048 222.660020 64.058050 0.020000
1103111180774101376 222.689950 16.984600 0.020000
