1404031120804128768 226.697470 12.943060 0.020000
1603021120804134912 226.721370 13.351480 0.020000
1304031120804136704 226.722200 13.351730 0.020000
1005310120804134144 226.808720 -12.382910 0.020000
1103281260744127616 226.825310 26.893780 0.020000
1003191180784104704 226.856800 17.148020 0.020000
1204191210774114816 226.881620 20.549880 0.020000
1603100150794110720 226.947870 -16.465300 0.020000
1304081260744138752 227.136790 27.446460 0.020000
1304101090814108928 227.163020 8.969260 0.020000
1303241460574123520 227.265580 46.849290 0.020000
1106051150794129408 227.377450 15.683870 0.020000
1201011210774111232 227.377570 20.266130 0.020000
1503151320704137728 227.447130 33.353410 0.020000
1204191180784142848 227.544020 19.194040 0.020000
1305191230754108416 227.544810 23.080150 0.020000
805141180784119680 227.586420 18.384030 0.020000
1103061090814103424 227.655640 8.684420 0.020000
1007051120804138880 227.686930 13.615190 0.020000
1305131210774107904 227.912170 20.153240 0.020000
