1205161290654130432 204.708910 29.972610 0.020000
1203011290654129152 204.708980 29.972650 0.020000
1005171320634115712 204.715440 32.093670 0.020000
1503250120724117504 204.735430 -13.210520 0.020000
1103290230684131584 204.757240 -24.020560 0.020000
804291210694115456 204.805350 20.934480 0.020000
1401121150714124800 204.816500 15.679630 0.020000
1606050120724127488 204.874720 -12.349500 0.020000
1104271490494115456 204.921520 48.791170 0.020000
904170210694123008 204.943180 -21.455300 0.020000
1602071460524126208 204.954560 46.969290 0.020000
1104271460524126848 204.955830 46.969400 0.020000
1106241070734138368 205.066600 8.160820 0.020000
1303051290654126848 205.095850 29.983390 0.020000
1503261290654104576 205.096510 28.410700 0.020000
1104281210694109696 205.158880 20.381250 0.020000
1504091180714126080 205.167540 19.036160 0.020000
1205151180714144256 205.181450 19.634890 0.020000
1005311150714116224 205.216930 15.228060 0.020000
1505191290654130688 205.290180 30.024670 0.020000
