1605030230784167424 235.198250 -23.721350 0.020000
1303051290744139520 235.366520 30.730640 0.020000
1409021180814105600 235.384760 17.240390 0.020000
1201300070844140800 235.463340 -7.006690 0.020000
804091230784123520 235.499870 23.934260 0.020000
1204011320724147456 235.521220 33.593280 0.020000
1606151180814106624 235.531950 17.347470 0.020000
1406171120834114816 235.589820 12.176060 0.020000
804110010844112896 235.743160 -2.118010 0.020000
1004091010844148352 235.743260 2.281290 0.020000
1007051090844114816 235.792540 9.326150 0.020000
1301221040844144384 235.793440 4.925290 0.020000
1605061430634121472 235.794000 43.597870 0.020000
1604190210804167424 235.825070 -20.264330 0.020000
1006100090844144256 235.932980 -9.476100 0.020000
1201011180814127104 235.968800 18.202610 0.020000
1005310150824158336 235.975470 -14.629100 0.020000
1303071150824115456 236.018000 14.824250 0.020000
1605251490574133504 236.039110 50.397580 0.020000
1102051090844106752 236.075200 8.777620 0.020000
