1604061040774129152 213.882310 4.655280 0.020000
1303161040774127872 213.882850 4.655930 0.020000
1504270070764122112 213.897820 -7.090990 0.020000
1504131460544121856 213.918700 46.693880 0.020000
803050180744116224 213.931560 -18.968290 0.020000
803061090764110464 213.953320 9.065120 0.020000
802021090764133248 213.959000 10.576530 0.020000
1103011320664136320 214.207020 33.029840 0.020000
1506141230714128896 214.237740 24.361550 0.020000
1505191070764129280 214.296800 7.360710 0.020000
804250180744124672 214.299920 -18.057700 0.020000
1305051260704123904 214.376860 26.749360 0.020000
1605081090764135680 214.416190 10.817560 0.020000
1107031070764142720 214.420660 8.375680 0.020000
1203271040774143744 214.458390 5.334360 0.020000
1203171040774145536 214.458520 5.334270 0.020000
1607041090764122368 214.555200 9.790560 0.020000
1105121350644129920 214.619030 35.713690 0.020000
1303071120764123648 214.672900 12.560520 0.020000
1203270230714118656 214.706640 -24.551280 0.020000
