1212071120514101760 144.644620 11.359880 0.020000
1412231180504139264 144.693210 19.592870 0.020000
711071290464126336 144.798400 30.228190 0.020000
1203160180504151552 144.829680 -17.526520 0.020000
1211141070524123904 144.941760 6.869420 0.020000
812221070524125184 144.957940 7.063290 0.020000
1203141150504107520 144.967100 14.492580 0.020000
1501231430394108928 144.973750 42.947960 0.020000
1404081690204130816 144.982610 69.945920 0.020000
903181010524119680 145.231010 1.268960 0.020000
1201011660234106112 145.371540 65.192890 0.020000
1410311660234104320 145.373600 65.192240 0.020000
1512021460374112512 145.456250 46.101220 0.020000
712201120514106368 145.560580 11.685570 0.020000
1301120070524109568 145.589460 -7.998030 0.020000
1305081400414136576 145.609990 41.786410 0.020000
1110271260474102144 145.625330 25.461110 0.020000
901170180504102400 145.717840 -19.614490 0.020000
1605031460374110464 145.771360 45.952760 0.020000
1202240070524129536 145.857130 -6.893310 0.020000
