1203021040804135424 224.278020 5.171750 0.020000
803021230744111104 224.359210 23.396710 0.020000
1202251040804151808 224.362430 5.267630 0.020000
1506221350674116096 224.406860 34.876950 0.020000
1005051400624118400 224.436490 40.727940 0.020000
1206220230744119552 224.455220 -24.683110 0.020000
805031290714115584 224.498000 29.149100 0.020000
905131010804141952 224.533290 2.434260 0.020000
1105130260734133760 224.676700 -26.976310 0.020000
1105200150784122240 224.714960 -15.815780 0.020000
1105141660354112768 224.735470 65.902320 0.020000
1504161400624140032 224.758080 42.017050 0.020000
1104141070804124032 224.788560 7.301170 0.020000
1404031120794103808 224.805970 11.514990 0.020000
1106131350674124032 224.841010 35.801640 0.020000
1205270180774158080 224.912510 -17.269080 0.020000
1605101040804123904 224.925380 4.085670 0.020000
904231230744125568 224.993630 23.954510 0.020000
1406191400624112384 225.003820 40.368790 0.020000
1504211350674136576 225.009130 36.004900 0.020000
