1604161010874153472 243.602870 2.244270 0.020000
1401211010874151680 243.603850 2.244540 0.020000
1201301010874161152 243.604600 2.244970 0.020000
1405091010874165248 243.687080 2.592880 0.020000
1505181090864106496 243.754690 8.763700 0.020000
1605271380704109568 243.759850 37.376610 0.020000
1306101290774132992 243.915850 29.677190 0.020000
1306010180844205824 244.005540 -17.010150 0.020000
1604161010874147328 244.030950 2.006210 0.020000
1405191320754141696 244.140960 33.512390 0.020000
1004080180844150528 244.154900 -18.174220 0.020000
1607101600454143488 244.253820 62.006750 0.020000
1006051260794137344 244.281100 27.009080 0.020000
1306101320754113536 244.384620 31.582550 0.020000
1203010090874127104 244.594880 -10.416780 0.020000
804050040884106496 244.711500 -5.419050 0.020000
904161120864151040 244.787930 13.862670 0.020000
908160010884107648 244.823780 -2.491500 0.020000
1305031230814133248 244.881640 24.786460 0.020000
1503241380714150144 244.997250 39.459180 0.020000
