1001021 52.528860 -22.085367 0.020000
1001022 52.580050 15.132753 0.020000
1001023 52.630950 20.267093 0.020000
1001024 52.657270 -11.935057 0.020000
1001025 52.683030 4.701343 0.020000
1001026 52.689460 34.045433 0.020000
1001027 52.731920 25.248673 0.020000
1001028 52.768430 17.461133 0.020000
1001029 52.826620 -4.441927 0.020000
1001030 52.831020 15.482273 0.020000
1001031 52.897580 -18.436327 0.020000
1001032 52.914740 4.567253 0.020000
1001033 52.935030 3.160293 0.020000
1001034 53.057340 -4.072507 0.020000
1001035 53.132950 2.110803 0.020000
1001036 53.163230 1.753733 0.020000
1001037 53.163270 19.570813 0.020000
1001038 53.173800 31.212893 0.020000
1001039 53.200310 32.549173 0.020000
1001040 53.296950 -7.042447 0.020000
