1406301490644138496 263.846730 49.542740 0.020000
1406300040944169728 263.854140 -4.400490 0.020000
1004131350784173952 263.867720 36.518540 0.020000
909291490644123008 264.038050 49.297030 0.020000
1607141460674111232 264.390130 45.611800 0.020000
1605141460674128640 264.487310 46.360420 0.020000
904211350784159232 264.507960 35.763610 0.020000
907111290844128256 264.712600 29.387220 0.020000
1609041350784131328 264.741210 35.322280 0.020000
805121350784123392 264.749230 34.673090 0.020000
1410131520604113664 264.958430 51.457060 0.020000
1411161380764123392 265.055570 37.679370 0.020000
1304181400734167040 265.139320 41.798930 0.020000
909221180914166144 265.143020 18.713670 0.020000
1306131260864152320 265.256880 26.900290 0.020000
1609101690374105856 265.387230 68.077860 0.020000
908181230884140160 265.538230 23.808200 0.020000
902051290844154752 265.756080 30.014610 0.020000
1606151180914103040 265.796300 17.004000 0.020000
1209261380774102272 265.800760 36.767360 0.020000
