1004131180704112128 202.226710 17.721720 0.020000
1212081150704122368 202.243750 15.266300 0.020000
1202271120714133760 202.258390 13.116720 0.020000
1304121260664120576 202.283320 26.740050 0.020000
1503141150704117760 202.313810 15.305340 0.020000
1304190120714130432 202.326960 -12.272870 0.020000
1104081260664107264 202.440870 25.829960 0.020000
1306031010724113152 202.444820 0.865520 0.020000
1306121180704131584 202.468470 18.857980 0.020000
1604290090724146176 202.506560 -8.709250 0.020000
1401070090724151296 202.507390 -8.709090 0.020000
1106091460514127360 202.521180 47.169700 0.020000
1404240210694120960 202.529930 -21.457790 0.020000
1601200090724142336 202.551970 -8.576960 0.020000
1304290090724141568 202.552810 -8.576740 0.020000
1602041120714113536 202.561170 12.246150 0.020000
1406061180704130304 202.627260 19.154230 0.020000
1205151180704135168 202.627530 19.155070 0.020000
1102231350604110080 202.664750 34.638110 0.020000
1406061320624120832 202.686990 32.761720 0.020000
