910221011234125056 345.353860 1.628400 0.020000
809071041234117632 345.379540 4.071420 0.020000
811011091224121984 345.400350 9.905220 0.020000
1411170041234128896 345.473070 -3.646840 0.020000
1208251011234140672 345.511800 2.528740 0.020000
1006181091224121600 345.595900 9.454860 0.020000
907290041234113408 345.621590 -4.845250 0.020000
908300091224119168 345.671040 -9.998340 0.020000
1201031091224104704 345.698210 8.802410 0.020000
1111031400964117632 345.788740 40.102150 0.020000
901021181194105856 345.924050 17.298610 0.020000
806111011244115712 345.965170 1.114260 0.020000
1101041071234110848 346.107930 6.429450 0.020000
1511131041244117248 346.263170 3.919470 0.020000
1010301071234131968 346.364380 7.774350 0.020000
1009301041244110080 346.453960 3.522500 0.020000
1110150071234136960 346.536470 -5.900840 0.020000
1206181011244111104 346.556690 0.693170 0.020000
809211091234115328 346.583460 9.677120 0.020000
1308280041244110848 346.625880 -5.043350 0.020000
