1303151210504145920 146.910670 22.259500 0.020000
1112291120524129408 146.989050 13.279010 0.020000
1305141070524109312 146.999260 6.178940 0.020000
1105011210504111872 147.103300 20.725890 0.020000
1002190120524132224 147.213820 -12.275510 0.020000
1203151010534135808 147.224830 1.819680 0.020000
902271070524148352 147.342890 8.110710 0.020000
1502261070524137216 147.342950 8.108850 0.020000
1201291070524145408 147.342970 8.109760 0.020000
1210141070524139008 147.343050 8.109720 0.020000
903171090524121600 147.344700 9.637370 0.020000
1201021290474146816 147.372400 30.877270 0.020000
1205161150514108928 147.409400 14.759620 0.020000
1511081490364135936 147.553280 50.446040 0.020000
1306051260484132608 147.784380 27.593820 0.020000
1303051350444114432 147.794210 34.835240 0.020000
1511181010534127104 147.991890 1.748060 0.020000
804111070534105088 148.153510 6.057960 0.020000
1202231350444125184 148.171910 35.333540 0.020000
1203030150524112640 148.190430 -16.037580 0.020000
