1609020151234113792 354.589320 -15.877300 0.020000
1309290211204126464 354.593850 -20.831130 0.020000
1510150071264127232 354.681700 -6.436480 0.020000
906271291124104960 354.702790 28.331950 0.020000
911101291124101376 354.708030 28.265060 0.020000
810020151234124160 354.775820 -15.175080 0.020000
1310111151234134528 354.795830 16.005940 0.020000
1110210211204114432 354.914630 -21.705970 0.020000
1211040011274138368 355.184570 -0.351600 0.020000
1011061041274110848 355.273740 3.456660 0.020000
909251071264106240 355.339730 6.038440 0.020000
1511101121254113792 355.399890 12.224270 0.020000
1509180091264144384 355.467330 -8.637820 0.020000
1009110041274116352 355.511480 -4.518170 0.020000
1511021041274103296 355.542630 3.041950 0.020000
1111011351054108672 355.676410 34.225220 0.020000
1309231430944150528 355.686870 43.963230 0.020000
1209220231174118400 355.824720 -24.195780 0.020000
1310240231174115840 355.825210 -24.196500 0.020000
1610110231174113792 355.826300 -24.198170 0.020000
