801110040804109056 223.649880 -5.214940 0.020000
1606081010804105216 223.657250 0.292260 0.020000
1004071150784109056 223.759310 14.637620 0.020000
1603021180774128896 223.818150 18.719110 0.020000
1603100150784129536 223.895260 -15.569030 0.020000
1401200150784129792 223.895820 -15.568190 0.020000
1201230150784136192 223.896220 -15.567290 0.020000
1004050150784128512 223.896660 -15.566560 0.020000
1305031120794103296 223.972810 11.471150 0.020000
1203030120794158848 223.977900 -11.332580 0.020000
1204170210764114432 224.012170 -22.087400 0.020000
1104061230744115200 224.028580 23.380600 0.020000
805141180774123008 224.055310 18.854270 0.020000
1504221180774117120 224.109430 17.918700 0.020000
1405241180774116608 224.112120 17.921170 0.020000
1206111400624102144 224.144790 39.684320 0.020000
1304211180774112000 224.149300 17.736240 0.020000
1404231180774109440 224.160450 17.460760 0.020000
1605301690314108416 224.246770 68.354340 0.020000
1206141490544113152 224.261780 48.899040 0.020000
