1411271070534115072 148.203440 6.634330 0.020000
1402051380434133248 148.227640 38.865530 0.020000
1110271320464106112 148.320010 31.359980 0.020000
1410251210504110592 148.337620 20.455870 0.020000
1410281520344107264 148.387040 51.251970 0.020000
1411300010534117888 148.444090 -1.757390 0.020000
1302141230494130944 148.449580 24.414350 0.020000
1510311090534120192 148.535920 9.990260 0.020000
1112280010534124032 148.585810 -1.227630 0.020000
1101301430404147712 148.609880 44.969660 0.020000
711111040534130432 148.649920 4.936600 0.020000
904171180514134912 148.668120 19.186870 0.020000
805021070534130176 148.747720 7.733260 0.020000
1310311070534119424 148.784270 6.808740 0.020000
1301061180514114048 148.801140 17.714370 0.020000
1503241290474137088 148.807730 30.708020 0.020000
902190010534124288 148.857110 -1.472580 0.020000
1110171090534127360 148.902800 10.631260 0.020000
1202240010534114048 148.920270 -2.001230 0.020000
1002131320464116224 148.930710 32.065650 0.020000
