1505121460494109184 194.986640 45.811340 0.020000
1403301040704109568 195.036100 3.474640 0.020000
904170070694221440 195.101570 -7.296380 0.020000
807021120694107392 195.126330 11.850390 0.020000
1005051400544133760 195.130970 41.745670 0.020000
1505211260634136320 195.134660 27.978020 0.020000
1404251350584102656 195.135480 34.024490 0.020000
901021180674115328 195.156220 17.849180 0.020000
1001121180674133888 195.165100 18.835720 0.020000
1602031180674132480 195.173160 19.203840 0.020000
1403261180674133248 195.173930 19.204620 0.020000
1105261180674132096 195.174420 19.205760 0.020000
1504181260634134528 195.208030 27.662340 0.020000
1203151380564116224 195.238380 37.586350 0.020000
1606050010704121600 195.255840 -1.210390 0.020000
1003151010704125952 195.305430 1.631310 0.020000
1204181090694129664 195.355010 10.100480 0.020000
1403091230654132224 195.372880 25.191040 0.020000
1404300040704101888 195.398820 -5.493910 0.020000
1304151460494122496 195.407680 46.473770 0.020000
