1204011460464119808 183.405670 46.483750 0.020000
1401011090654141440 183.411290 10.891090 0.020000
1605301490444110592 183.441610 48.738700 0.020000
1105021350554100992 183.592330 33.919310 0.020000
1003150120654108800 183.613270 -13.589630 0.020000
1106121180634112768 183.623590 17.913190 0.020000
1601161400514136320 183.652680 42.200790 0.020000
1601281400514126592 183.669350 41.822100 0.020000
1102261260604135552 183.670980 27.251420 0.020000
1003211430494120064 183.682160 43.614390 0.020000
1112290040664120064 183.730930 -4.418770 0.020000
1203281180634123008 183.759850 18.264480 0.020000
1403091350554118144 183.786870 35.137130 0.020000
1505211260604105728 183.809280 25.832980 0.020000
1002151260604112512 183.877600 26.102100 0.020000
803301040664110208 183.912930 3.603570 0.020000
1606161630314107392 183.929840 62.738390 0.020000
1505101210624122112 183.933970 21.364850 0.020000
1303171290584119040 183.939800 29.303770 0.020000
1305161040664114944 183.967030 3.894060 0.020000
