1310141400044135168 11.088830 40.922770 0.020000
1608291090044108800 11.089870 9.126280 0.020000
1511131320044130816 11.237560 32.836980 0.020000
811021210044141184 11.251270 22.452220 0.020000
810241180044126336 11.326440 18.897070 0.020000
1009111040054133120 11.527750 5.349990 0.020000
1312081350044124160 11.540890 35.260990 0.020000
1311111320044150016 11.558770 33.836090 0.020000
1109200090054128768 11.587850 -9.157690 0.020000
912201380044131456 11.607200 38.340090 0.020000
1010311350044119936 11.806770 35.147960 0.020000
1109210010054128000 11.830070 -1.028220 0.020000
1209210040054102528 11.878580 -5.494230 0.020000
909251260044125440 12.030040 26.772590 0.020000
711150120054101888 12.053130 -13.959250 0.020000
812021210054119424 12.079220 21.020990 0.020000
910160070054140672 12.173900 -5.855200 0.020000
1209141070054136064 12.207430 7.765120 0.020000
912201400044136448 12.228820 41.343160 0.020000
902041070054129664 12.258320 7.790580 0.020000
