1104260120624130048 174.833780 -12.064300 0.020000
1304111180604104704 174.870300 17.137380 0.020000
1002151230584131200 174.892420 24.442200 0.020000
1403201070624106752 174.900060 6.162550 0.020000
1102261260574113920 174.957520 26.138490 0.020000
811171460444111104 174.960800 45.971720 0.020000
1303141350524142848 175.033880 36.583410 0.020000
1305021290554127872 175.041930 30.029370 0.020000
1104051180604124928 175.083660 18.322970 0.020000
1104291210594142848 175.106100 22.521040 0.020000
1403281260574123008 175.276720 26.896890 0.020000
1504101260574130176 175.292810 27.415930 0.020000
1004041150614117376 175.298100 15.236220 0.020000
1403250120624130304 175.343650 -12.399220 0.020000
1201261380514112512 175.373730 37.376930 0.020000
1303150180604143360 175.434060 -17.230000 0.020000
1104260090624137472 175.493050 -8.591160 0.020000
1004140120624106880 175.495740 -13.700950 0.020000
1204011230584135680 175.531870 25.097680 0.020000
1601141230584135680 175.534510 25.094440 0.020000
