812011181124103424 324.946310 17.116130 0.020000
1410300151124130304 324.992300 -15.261580 0.020000
1306031091154156032 325.026320 10.794090 0.020000
1105270041164147456 325.304620 -3.513070 0.020000
1506191071154157824 325.345740 7.998110 0.020000
1510121151134138368 325.726480 15.611740 0.020000
809290181124120704 325.862520 -18.673510 0.020000
1509300091164104192 326.045630 -11.050580 0.020000
1005201211104177792 326.110120 22.340100 0.020000
809290121154131072 326.299150 -12.344510 0.020000
806070121154106368 326.587080 -13.768050 0.020000
1106131091164120832 326.666420 9.355350 0.020000
1110041231084160512 326.910020 24.764960 0.020000
1310310091164130048 326.950730 -9.671350 0.020000
1106081041174137088 327.014850 4.579920 0.020000
805051071164149376 327.018330 8.164040 0.020000
1006060121154131840 327.057100 -12.310770 0.020000
1207180121154125056 327.126220 -12.839250 0.020000
711160011174143360 327.177190 -0.123190 0.020000
1209210011174113792 327.210700 -2.106400 0.020000
