1002721 170.559480 62.290343 0.020000
1002722 170.655630 12.525403 0.020000
1002723 170.722200 -11.143657 0.020000
1002724 170.727700 -11.055097 0.020000
1002725 170.778170 25.925473 0.020000
1002726 170.779090 25.925663 0.020000
1002727 170.781980 9.061553 0.020000
1002728 170.781990 9.061483 0.020000
1002729 170.790430 18.305403 0.020000
1002730 170.795410 34.247493 0.020000
1002731 170.819790 10.328203 0.020000
1002732 170.820860 -1.147587 0.020000
1002733 170.837930 -4.677887 0.020000
1002734 170.883490 43.321523 0.020000
1002735 170.889760 -20.303377 0.020000
1002736 170.909560 17.640833 0.020000
1002737 170.937500 -5.348137 0.020000
1002738 171.011200 23.646173 0.020000
1002739 171.011410 23.645783 0.020000
1002740 171.048990 21.393223 0.020000
