910261230034129792 6.654400 24.487760 0.020000
1211131320034233344 6.706380 32.619280 0.020000
1312261120034135040 6.715960 13.579650 0.020000
712181350024142208 6.728200 36.332990 0.020000
1012121290034112128 6.735620 28.825830 0.020000
909190040034111744 6.814080 -4.845700 0.020000
1601181230034135552 6.827740 25.235200 0.020000
1610121290034137600 6.876090 30.993740 0.020000
1309060040034128128 6.877440 -3.847210 0.020000
1107011040034131584 6.888440 4.987070 0.020000
1201030070034134784 6.951680 -5.933050 0.020000
1510011150034109952 6.979810 14.872780 0.020000
711020090034121216 7.022320 -9.478080 0.020000
1401040040034119936 7.045430 -4.268390 0.020000
1409251070034124800 7.049840 7.162180 0.020000
1001161120034110464 7.077420 12.107240 0.020000
1606151290034128896 7.137720 29.822270 0.020000
909251230034117504 7.202370 23.567490 0.020000
1409061260034240256 7.218280 27.931020 0.020000
1111271070034113024 7.260300 6.402090 0.020000
