1003881 212.923850 -13.755347 0.020000
1003882 212.998600 7.136263 0.020000
1003883 213.002130 32.635513 0.020000
1003884 213.033450 10.268553 0.020000
1003885 213.169750 13.196153 0.020000
1003886 213.232600 29.070943 0.020000
1003887 213.323370 12.896883 0.020000
1003888 213.466830 34.287243 0.020000
1003889 213.536480 28.688463 0.020000
1003890 213.658750 -3.259697 0.020000
1003891 213.742980 44.873633 0.020000
1003892 213.765840 13.253903 0.020000
1003893 213.771460 -6.523537 0.020000
1003894 213.774400 27.179923 0.020000
1003895 213.809180 47.820733 0.020000
1003896 213.810230 47.821283 0.020000
1003897 213.811500 47.821733 0.020000
1003898 213.861470 -1.317367 0.020000
1003899 213.882240 -9.698867 0.020000
1003900 213.882310 4.688613 0.020000
