1409061381014103040 349.900290 36.783310 0.020000
910241071244123264 349.901050 7.310790 0.020000
1310091091244132352 349.935790 10.184720 0.020000
1201191211184129024 349.954880 21.410670 0.020000
1406011121234116096 349.965940 12.409210 0.020000
1112250011254116864 349.993210 -1.742230 0.020000
1010120151214124672 350.012910 -15.133440 0.020000
1509201291104113408 350.045680 28.849420 0.020000
1508221211184147456 350.109400 22.309290 0.020000
1411221381014149632 350.184700 38.578550 0.020000
1310081321084123904 350.479040 32.068750 0.020000
1009110041254104448 350.555560 -5.318990 0.020000
1310011011254110720 350.615650 0.637750 0.020000
1107010071244113152 350.717010 -7.618240 0.020000
1206211181204150784 350.763530 19.531430 0.020000
1306210011254120704 350.776640 -1.315130 0.020000
1512091151214142720 350.824140 16.667580 0.020000
1109180041254129792 350.883180 -3.284730 0.020000
1510011291114106624 351.003390 28.567250 0.020000
1311121430934110720 351.037040 42.659600 0.020000
