1302021320494133760 159.423160 33.314840 0.020000
806141090574116608 159.423700 10.294780 0.020000
1505121320494128128 159.424430 32.980340 0.020000
1202241490394103552 159.459400 48.212850 0.020000
1505101120564109568 159.468840 11.933910 0.020000
1503211230534111232 159.636670 23.367280 0.020000
1401291180554128384 159.667970 18.709410 0.020000
1602081380464137472 159.691060 39.459810 0.020000
1604040210544139264 159.705700 -20.360640 0.020000
1402281380464127744 159.855030 38.690390 0.020000
1404041180554121984 159.856010 18.359200 0.020000
1201181210544115968 159.924810 20.537660 0.020000
1103251090574109056 159.927730 8.918660 0.020000
903010040574110336 159.945790 -5.116090 0.020000
912181230534101248 160.045260 22.626520 0.020000
1502100040574140672 160.068920 -3.063190 0.020000
1012111320494136448 160.098240 33.359580 0.020000
1103021210544107776 160.109010 20.106900 0.020000
812291070574110336 160.131720 6.289400 0.020000
903161150564121088 160.213440 15.192710 0.020000
