1002241 151.986290 69.279563 0.020000
1002242 152.020030 46.997533 0.020000
1002243 152.044080 51.882483 0.020000
1002244 152.048070 51.877913 0.020000
1002245 152.053720 -15.332727 0.020000
1002246 152.087850 -13.414827 0.020000
1002247 152.143040 27.530203 0.020000
1002248 152.292100 7.942893 0.020000
1002249 152.310380 15.433233 0.020000
1002250 152.316780 35.276503 0.020000
1002251 152.317230 35.277253 0.020000
1002252 152.349080 40.759133 0.020000
1002253 152.354560 8.689393 0.020000
1002254 152.372150 51.319023 0.020000
1002255 152.629830 -9.602987 0.020000
1002256 152.654420 21.467103 0.020000
1002257 152.715470 -1.972187 0.020000
1002258 152.806480 -16.287237 0.020000
1002259 152.978840 14.225573 0.020000
1002260 152.987060 19.261653 0.020000
