1212121070084233984 22.487840 8.006000 0.020000
1209150040094134528 22.587480 -3.903350 0.020000
811190010094117760 22.728390 -1.702270 0.020000
908181210084113920 22.827200 20.668870 0.020000
1511061090094122240 22.880060 10.021060 0.020000
1511140010094131200 22.918800 -0.651810 0.020000
1410170210084103936 22.959650 -22.293300 0.020000
1411180090094108416 23.011640 -10.732570 0.020000
1601021230084124160 23.142650 24.145840 0.020000
1410140090094121984 23.150280 -9.738760 0.020000
809301290084140288 23.163950 30.489450 0.020000
1012101350074116352 23.172040 34.635940 0.020000
807031290084137472 23.183540 30.383890 0.020000
1411180010094115840 23.228400 -1.624260 0.020000
1210081290084139264 23.238710 30.406850 0.020000
1210161290084140544 23.285380 30.383110 0.020000
1409011120094136576 23.286190 13.542780 0.020000
910271380074143360 23.286320 38.538100 0.020000
1202221290084142336 23.296690 30.669620 0.020000
711191290084136064 23.363790 30.690900 0.020000
