1203281230624117248 188.481590 23.546780 0.020000
1201091210644109824 188.566930 20.613870 0.020000
1503281210644113664 188.567220 20.612740 0.020000
1603161490464143616 188.627410 50.561450 0.020000
1603070040684126720 188.656930 -4.142870 0.020000
1504091040684126720 188.716740 5.064060 0.020000
1205211040684130048 188.717600 5.064200 0.020000
905181230624135296 188.746390 24.731130 0.020000
1502191320584102144 188.775920 31.243310 0.020000
1301191150664140544 188.862000 16.508740 0.020000
1003171260614126464 188.863290 27.067440 0.020000
1004100040684115456 188.883730 -4.712720 0.020000
904031010684129792 188.899040 1.870170 0.020000
1304061210644103168 188.899970 19.937810 0.020000
1411290010684114944 188.972190 -1.852840 0.020000
1506191070674128640 189.002350 7.726880 0.020000
1003201070674134656 189.092180 7.793520 0.020000
1005081150664109952 189.115220 14.795700 0.020000
1203211040684103424 189.163300 2.915470 0.020000
1306071380554122496 189.197580 38.343720 0.020000
