809241381024160000 353.596660 39.239660 0.020000
1010070121244121600 353.698150 -12.843970 0.020000
1111291231164135296 353.700840 24.750430 0.020000
1305291261144126464 353.718030 27.357900 0.020000
1611080151224107264 353.783100 -16.369030 0.020000
1209190011264107520 353.796400 -2.392140 0.020000
1509170011264107008 353.797070 -2.392760 0.020000
1109290091254140416 353.824190 -8.653140 0.020000
909270041264116864 353.941190 -4.422220 0.020000
1312141121244117760 353.941460 12.580110 0.020000
1209190121244126208 354.108160 -12.602150 0.020000
1101040091254103808 354.207020 -10.990310 0.020000
1306161011264117248 354.220130 1.164080 0.020000
1607061011264118272 354.221220 1.164070 0.020000
711110071254114560 354.246010 -7.261310 0.020000
1306141151234111744 354.440590 14.710300 0.020000
1110311071264128896 354.500310 7.311390 0.020000
1609100091264119296 354.530670 -9.822510 0.020000
1511020121254140672 354.531370 -11.539560 0.020000
810270121254127232 354.577630 -12.015060 0.020000
