1503141380554106624 191.350980 37.091190 0.020000
1203281230634113280 191.359830 23.356570 0.020000
1201041430514116096 191.414750 43.336520 0.020000
1305130090684108800 191.434090 -10.835640 0.020000
804011260624129024 191.435560 27.564050 0.020000
1401021320594123264 191.449850 32.518830 0.020000
1202220210654145280 191.508470 -20.383990 0.020000
1106241010694118272 191.510490 1.221930 0.020000
1501181230634111488 191.559280 23.440030 0.020000
703201120684101888 191.565860 11.432060 0.020000
1305180040694239232 191.573480 -2.920290 0.020000
1104041070684137728 191.586320 8.148110 0.020000
1406221320594109440 191.711230 31.803100 0.020000
1602030070684137216 191.719150 -6.157940 0.020000
803111180664120192 191.729350 18.058370 0.020000
1601181180664109824 191.796850 17.668060 0.020000
1001121180664117632 191.799420 17.947460 0.020000
1201030090684120576 191.809740 -10.063010 0.020000
1204211010694130944 191.829440 1.645310 0.020000
905181380554128512 191.895090 38.545910 0.020000
