1206181260664109824 203.456720 26.135270 0.020000
1303021380594134784 203.458160 39.374390 0.020000
1401021230674124032 203.491330 24.120630 0.020000
1006031290644120832 203.531320 29.860250 0.020000
1606021320634125312 203.617920 33.051060 0.020000
1505180120724134912 203.656040 -12.047520 0.020000
1604171120724134400 203.689620 13.853810 0.020000
1602041090724138240 203.727040 10.984600 0.020000
1205161230674115072 203.727800 23.581240 0.020000
1101151180704125312 203.773730 18.489600 0.020000
901291180704128000 203.870700 18.603310 0.020000
1302171040734102016 203.882880 2.897990 0.020000
1204200210694121472 203.951450 -21.398140 0.020000
1103131070724106112 203.972460 6.022130 0.020000
1305071430544134912 203.980640 44.551340 0.020000
1602151230674106624 204.033660 23.072430 0.020000
904211350614104704 204.039380 34.055290 0.020000
1602051040734113280 204.116040 3.674470 0.020000
1501241040734114816 204.117140 3.674770 0.020000
1401031040734115584 204.118230 3.675090 0.020000
