1406281430674117888 252.246030 43.101890 0.020000
1506231290804130048 252.350030 29.646580 0.020000
904211070904110208 252.356940 5.880020 0.020000
1410121290804107520 252.372240 28.570440 0.020000
1109181260824120832 252.396710 26.562920 0.020000
1206081230834108416 252.427880 23.082820 0.020000
1007071040904138240 252.459920 3.976340 0.020000
909301430674124928 252.511590 43.937700 0.020000
1305051230834148096 252.518730 24.563180 0.020000
1506061380734150400 252.528870 39.465400 0.020000
1206101460644109312 252.623130 45.738600 0.020000
1305091490614141184 252.633220 49.728910 0.020000
1306201520574112512 252.727500 51.492610 0.020000
1309161230834137344 253.005500 24.775250 0.020000
1304141350754151424 253.057170 36.019520 0.020000
1309170070904150784 253.087320 -6.745430 0.020000
1303241460644116992 253.151160 46.087490 0.020000
1011021380734143744 253.243650 39.047370 0.020000
906170090904114432 253.297400 -10.955820 0.020000
1406290040914119680 253.382960 -5.165640 0.020000
