1001981 139.434950 40.568633 0.020000
1001982 139.441740 58.450713 0.020000
1001983 139.666560 -6.441357 0.020000
1001984 139.688430 6.407483 0.020000
1001985 139.705070 15.593933 0.020000
1001986 139.788900 49.452223 0.020000
1001987 139.797720 39.741433 0.020000
1001988 139.827850 17.269333 0.020000
1001989 139.902370 -5.888577 0.020000
1001990 139.990970 29.304293 0.020000
1001991 140.004290 -11.017237 0.020000
1001992 140.095390 26.759783 0.020000
1001993 140.143240 50.729913 0.020000
1001994 140.148210 52.702053 0.020000
1001995 140.148350 52.702083 0.020000
1001996 140.152440 -10.433347 0.020000
1001997 140.181890 51.761743 0.020000
1001998 140.242630 3.397573 0.020000
1001999 140.242870 3.396653 0.020000
1002000 140.344940 20.682813 0.020000
