1312241570324140032 161.489890 59.075240 0.020000
1201231570324143104 161.491030 59.076100 0.020000
1511191320504117760 161.512910 32.288510 0.020000
1006151090584119552 161.645980 9.964250 0.020000
1012060040584115072 161.672970 -4.533070 0.020000
1005101040584103808 161.677090 3.204380 0.020000
1602150120574130176 161.689130 -12.290700 0.020000
1402270070584111104 161.711770 -7.811940 0.020000
1412231010584107264 161.778390 0.493670 0.020000
1502251150564130048 161.795530 16.088090 0.020000
1511081570324114432 161.850510 57.409700 0.020000
1112271010584136320 161.923770 2.304270 0.020000
1302111320504113152 161.961100 31.796260 0.020000
1510311090584116224 162.037100 9.710260 0.020000
1202180120574141696 162.054630 -11.341220 0.020000
1312310120574151168 162.055010 -11.342120 0.020000
1602150120574143488 162.055310 -11.342940 0.020000
1401231210554114560 162.073600 20.797580 0.020000
712061230544117888 162.080430 24.120870 0.020000
901181010584127232 162.084550 1.993240 0.020000
