1003721 206.728000 5.745163 0.020000
1003722 206.728690 5.745873 0.020000
1003723 206.754800 9.444823 0.020000
1003724 206.756810 -4.678957 0.020000
1003725 206.769280 7.046213 0.020000
1003726 206.847970 10.393393 0.020000
1003727 206.866270 35.115093 0.020000
1003728 206.893270 33.550993 0.020000
1003729 206.931410 44.669503 0.020000
1003730 206.999870 30.257563 0.020000
1003731 207.005770 23.613553 0.020000
1003732 207.006700 23.613473 0.020000
1003733 207.007650 23.613353 0.020000
1003734 207.008270 14.282583 0.020000
1003735 207.027170 -13.711187 0.020000
1003736 207.043980 32.650123 0.020000
1003737 207.049170 23.647363 0.020000
1003738 207.049260 23.647363 0.020000
1003739 207.050240 23.647243 0.020000
1003740 207.051200 23.647193 0.020000
