1201030230274123776 79.631000 -24.066290 0.020000
1501241010294121728 79.767490 0.769460 0.020000
1111181150284160256 79.845440 15.909720 0.020000
1303021210274114816 79.987970 20.177960 0.020000
802070010294165632 80.141050 -0.091690 0.020000
810270090294145664 80.145860 -8.970690 0.020000
1212121010294163968 80.158800 2.319310 0.020000
1611101210274176512 80.225950 21.993640 0.020000
1211250150284101632 80.358680 -16.882880 0.020000
1211250040294129152 80.423380 -4.186170 0.020000
910211120294103424 80.446610 11.357070 0.020000
1210150150284109824 80.503030 -16.417560 0.020000
1312231090294105856 80.566450 8.627520 0.020000
1211140260264156672 80.571210 -25.596330 0.020000
1312250070294109696 80.770610 -8.041040 0.020000
1401110150284112384 80.873450 -16.172320 0.020000
1001081010294129408 80.965690 1.008500 0.020000
1311061010294118400 81.050610 0.696690 0.020000
1111301090294102528 81.073510 8.564160 0.020000
1011080070294133760 81.139460 -7.091030 0.020000
