1206121210554127872 162.129050 21.923280 0.020000
1412151260534114560 162.134610 26.588320 0.020000
1604040210554141440 162.205260 -20.263780 0.020000
1512021520374108416 162.236930 51.456710 0.020000
1302111070584120576 162.242630 6.865720 0.020000
1203280070584118784 162.257420 -7.411110 0.020000
1601301520374108160 162.300210 51.447370 0.020000
1212091210554119680 162.310400 21.095630 0.020000
911191210554118784 162.310580 21.095790 0.020000
1404281570334110208 162.367810 57.079900 0.020000
1202251040584109312 162.419900 3.291600 0.020000
1412301120574130944 162.420940 13.419000 0.020000
1201181150564107776 162.443170 14.494140 0.020000
1601301320504111872 162.555770 31.914740 0.020000
1301051320504135424 162.608090 33.470320 0.020000
911081490394132480 162.608260 50.192430 0.020000
1104291180564125312 162.609860 18.482580 0.020000
1304161210554115584 162.623120 20.828000 0.020000
1101081260534135808 162.684160 28.013610 0.020000
1411201210554123264 162.822840 21.362440 0.020000
