910200121224122752 347.539390 -12.588720 0.020000
1209201291104150784 347.552970 30.578500 0.020000
1409061381004132608 347.604400 38.010290 0.020000
1209250041244211200 347.640730 -4.883000 0.020000
911201211174111872 347.762980 20.438770 0.020000
811071351034109952 347.772110 34.419650 0.020000
1309151181194112256 347.784170 17.648600 0.020000
1201021011244127744 347.794080 2.025740 0.020000
1206181011244129024 347.794220 2.025890 0.020000
911081211174117888 347.928220 20.676670 0.020000
1309161261134112000 347.941090 26.079880 0.020000
1609030041244102912 347.985320 -5.473950 0.020000
1611061091234116096 348.136800 9.491630 0.020000
1409031291104122112 348.292780 29.191370 0.020000
1609100091234102784 348.335800 -11.106040 0.020000
1209181261134125056 348.363410 26.439450 0.020000
1306211011244127488 348.701350 2.157570 0.020000
810251091244106752 348.733500 8.911000 0.020000
911091151214101888 348.937260 14.146560 0.020000
1006101261134132096 348.968000 27.176890 0.020000
