1512081380084127232 26.731370 38.202690 0.020000
1309300090104101376 26.775590 -11.193020 0.020000
912131180104106368 26.790530 17.255560 0.020000
1210081320094121216 26.820520 32.175880 0.020000
1311081150104119040 26.945530 15.289290 0.020000
1001160040104131840 26.948340 -3.267320 0.020000
1309021380084121600 27.034990 37.557980 0.020000
1410170180104136960 27.037620 -17.208540 0.020000
811210150104115456 27.058960 -15.601420 0.020000
1509201180104113920 27.124670 17.746440 0.020000
811301230094125440 27.172180 24.233490 0.020000
1210090090104107520 27.253810 -10.618570 0.020000
1410011070104121088 27.361280 7.040200 0.020000
1412241120104140032 27.419030 13.904380 0.020000
1201261320094110208 27.448750 31.747120 0.020000
1310231380084126720 27.567390 37.938660 0.020000
910290120104118400 27.588230 -12.740360 0.020000
1012130210104111488 27.588850 -21.742180 0.020000
810241210104130176 27.638970 21.792460 0.020000
1110061320094139392 27.714690 33.439340 0.020000
