1003541 200.771080 9.263823 0.020000
1003542 200.780140 52.682383 0.020000
1003543 200.831240 45.214733 0.020000
1003544 200.833070 10.223923 0.020000
1003545 200.877250 11.868283 0.020000
1003546 200.877800 15.093933 0.020000
1003547 200.963750 30.276773 0.020000
1003548 200.988760 -19.630727 0.020000
1003549 201.019670 8.578753 0.020000
1003550 201.041260 17.414293 0.020000
1003551 201.122360 47.755853 0.020000
1003552 201.144890 20.398993 0.020000
1003553 201.167270 16.601523 0.020000
1003554 201.171810 -1.780797 0.020000
1003555 201.175120 12.978033 0.020000
1003556 201.218480 -20.903457 0.020000
1003557 201.342950 6.041183 0.020000
1003558 201.357450 13.513683 0.020000
1003559 201.374420 -8.302557 0.020000
1003560 201.400070 21.043603 0.020000
