1211140230104117760 29.102220 -24.334300 0.020000
1511141010114127872 29.148580 1.804680 0.020000
908181040114123136 29.219570 4.393030 0.020000
1310261010114127616 29.219610 1.849310 0.020000
1609031320094120192 29.222450 32.161150 0.020000
1510031040114109184 29.227140 3.533070 0.020000
1411211400094155776 29.234570 41.375410 0.020000
1211121260104125696 29.266880 26.790120 0.020000
1309161230104102912 29.300830 22.733970 0.020000
712141090114106880 29.338950 9.034240 0.020000
801101070114130048 29.376180 8.420570 0.020000
1609020010114127616 29.519800 -0.872700 0.020000
812201090114114688 29.532660 9.611200 0.020000
1309050040114124288 29.551490 -4.246150 0.020000
1110300150114120448 29.557030 -15.734490 0.020000
1510020070114111488 29.659590 -7.530500 0.020000
1109240090114106112 29.699090 -10.936080 0.020000
1401071040114136576 29.723480 5.590090 0.020000
911110070114116480 29.737370 -7.282850 0.020000
1109301180114106880 29.760530 17.386260 0.020000
