1002341 156.102230 16.907783 0.020000
1002342 156.169190 29.850723 0.020000
1002343 156.264000 18.005923 0.020000
1002344 156.281670 23.622913 0.020000
1002345 156.301320 30.487373 0.020000
1002346 156.325100 33.441943 0.020000
1002347 156.342550 -15.672687 0.020000
1002348 156.348730 0.747413 0.020000
1002349 156.348820 0.746583 0.020000
1002350 156.424530 1.672523 0.020000
1002351 156.436260 18.033743 0.020000
1002352 156.437370 -9.387537 0.020000
1002353 156.508420 50.483413 0.020000
1002354 156.521100 30.090533 0.020000
1002355 156.566820 19.379103 0.020000
1002356 156.612950 39.064143 0.020000
1002357 156.633700 5.618783 0.020000
1002358 156.654250 -15.068987 0.020000
1002359 156.654320 47.940633 0.020000
1002360 156.723650 30.406533 0.020000
