1011151010294107520 81.142870 0.221950 0.020000
810270090294148608 81.229620 -8.790550 0.020000
1011300040294155904 81.333910 -3.047580 0.020000
812070090294109312 81.341440 -10.837440 0.020000
1503161230274181120 81.710090 24.754610 0.020000
909220120294106752 81.943390 -13.882220 0.020000
1602141040304104448 82.059350 2.965730 0.020000
1511071010304144896 82.129070 1.533340 0.020000
1501200150294101248 82.554490 -16.893880 0.020000
1502201150294134016 82.623620 15.059380 0.020000
1110231150294110592 82.674830 14.307240 0.020000
1412101010304117504 82.964770 0.687240 0.020000
1111301120304120192 83.245690 11.771950 0.020000
1311140010304120832 83.288590 -1.973870 0.020000
802070040304101760 83.385580 -5.532310 0.020000
1311140070304134912 83.438990 -6.676290 0.020000
1012140210294136960 83.482010 -20.788790 0.020000
1411171180294146304 83.644620 17.997910 0.020000
911180120304152576 83.924220 -11.621340 0.020000
1201311010304151808 84.016450 1.693280 0.020000
