1110190210074126592 18.685650 -20.536500 0.020000
1209171260074119168 18.714270 26.389370 0.020000
1210150150074131200 18.777240 -14.603680 0.020000
1010081230074140032 18.818880 24.925060 0.020000
806241380064116864 18.884050 37.626560 0.020000
812051320064148608 18.930170 33.623380 0.020000
1510231320064128000 19.052190 32.644270 0.020000
812201090074110336 19.057360 9.371150 0.020000
1111191230074124928 19.127710 24.321890 0.020000
1309161230074127360 19.128630 24.321550 0.020000
1509241230074129408 19.129620 24.321180 0.020000
1411220150074108416 19.154700 -16.363760 0.020000
1510140070074102528 19.179730 -8.283540 0.020000
1409251070074113536 19.230090 6.530690 0.020000
1610111070074115840 19.314150 6.964590 0.020000
1112251090074105856 19.371690 8.981690 0.020000
1409251070074100736 19.377570 5.684920 0.020000
810010040074128000 19.392860 -3.240130 0.020000
1312300150074121472 19.437270 -15.440290 0.020000
909161010074118784 19.451130 1.217440 0.020000
