1001121040134141824 35.869930 5.591820 0.020000
802101010134121600 36.002740 1.845140 0.020000
809301260124122368 36.036900 26.669520 0.020000
810311350114142208 36.047700 35.988510 0.020000
1410161400104150016 36.063980 41.228890 0.020000
1010190150134113408 36.064030 -15.853230 0.020000
1503111210134119168 36.093660 21.224390 0.020000
1011081380114117632 36.151810 37.339280 0.020000
711020070134114816 36.322110 -7.203440 0.020000
712141150134116096 36.427240 15.453430 0.020000
1101111090134128512 36.476500 10.386410 0.020000
1211151380114123264 36.479230 37.568100 0.020000
1609251290124101120 36.534750 28.278950 0.020000
809241350114161792 36.536850 36.581440 0.020000
1411171260124140288 36.596990 27.659550 0.020000
909201210134121600 36.634700 21.114950 0.020000
1009151090134116864 36.642690 9.645660 0.020000
1009111150134118656 36.698200 15.427460 0.020000
909161010144126976 36.747410 1.767670 0.020000
1111281010144134656 36.819090 2.033380 0.020000
