1511191290014117632 1.868910 29.237420 0.020000
1512031120014116864 1.925950 12.469070 0.020000
1011111120014121472 2.002040 12.653910 0.020000
1310250040014131200 2.067140 -3.605050 0.020000
1410310260014129152 2.080540 -26.022550 0.020000
1410291210014108928 2.227730 20.283340 0.020000
1210211070014111488 2.266320 6.472580 0.020000
1309120150014104832 2.278660 -16.689850 0.020000
1511301290014130688 2.295600 30.052300 0.020000
1312251090014108416 2.317930 9.007460 0.020000
1310120180014101248 2.326200 -19.706780 0.020000
1310120180014101248 2.326200 -19.706780 0.020000
1010070120014131072 2.409360 -12.171300 0.020000
911201400014123008 2.439410 40.491110 0.020000
1210191180014206464 2.484710 17.296760 0.020000
911201400014137856 2.580440 41.081910 0.020000
1408311210014119424 2.619740 20.797200 0.020000
1010081150014101376 2.705170 14.177560 0.020000
1011041210014132096 2.711270 21.690820 0.020000
1201181320014109184 2.793760 31.508290 0.020000
