1504161150534120960 151.333080 15.661370 0.020000
1102051290484113920 151.341630 29.021660 0.020000
1205161120534130688 151.351230 13.332350 0.020000
911201520354108800 151.352230 51.277420 0.020000
1202240010544124672 151.379440 -1.511610 0.020000
1110221290484112000 151.396300 28.985680 0.020000
1410261380444116224 151.422790 37.853190 0.020000
1302051090544104704 151.517840 8.692950 0.020000
1103021180524113536 151.576950 17.679840 0.020000
1610111210514134528 151.621380 22.445610 0.020000
1201181230504126464 151.626290 23.939450 0.020000
1003151010544126976 151.689610 1.844730 0.020000
1602150150534145536 151.728330 -14.427170 0.020000
1406081290484122112 151.730100 30.325480 0.020000
1011081230504119424 151.743330 23.623410 0.020000
811301180524114816 151.762320 17.873470 0.020000
1501201380444130560 151.911700 38.693450 0.020000
1112311210524132992 151.914570 21.658440 0.020000
1101081350454129664 151.949290 35.786840 0.020000
1502191290484102656 151.964220 28.393270 0.020000
