804281070864110336 241.350580 6.137730 0.020000
804050090864153856 241.409360 -9.451490 0.020000
1110181430644248832 241.439130 45.024960 0.020000
802271180834141568 241.454860 19.454790 0.020000
903011180834110592 241.469440 17.412650 0.020000
1206211350724121344 241.478990 35.110080 0.020000
1206091210824118016 241.535980 20.856130 0.020000
1306101320744147968 241.548190 33.370950 0.020000
805051090864136832 241.604400 10.089270 0.020000
1506141400674125312 241.636660 40.906850 0.020000
1204011290764127744 241.721470 29.637420 0.020000
1404210070864127744 241.815890 -7.477860 0.020000
1406031380704102400 241.855730 36.793250 0.020000
1405110090864121088 242.061050 -10.442640 0.020000
1202210090864126464 242.061220 -10.441820 0.020000
1206221400674113536 242.092180 40.205100 0.020000
1109211150844146944 242.100150 16.877890 0.020000
1306031350724113408 242.138110 34.508390 0.020000
809281040874127872 242.155120 4.274080 0.020000
803021210824148736 242.186620 22.102790 0.020000
