1211221120164101888 44.296680 11.395300 0.020000
1510161150164123136 44.508940 15.541760 0.020000
1112310120164104320 44.579010 -13.804020 0.020000
1110261350144140032 44.602450 35.318640 0.020000
1510231180164116992 44.608480 18.063400 0.020000
1201181070164109568 44.615970 6.190370 0.020000
1210090150164136192 44.822640 -14.269550 0.020000
1312300090164126720 44.831110 -9.456230 0.020000
1309171070164130304 44.862760 7.794380 0.020000
909160090164129024 44.913440 -9.199530 0.020000
1311011010164128768 44.913910 1.899230 0.020000
1408311150164146688 44.935090 16.864240 0.020000
1410211010174137344 45.082740 2.507090 0.020000
907301150164137216 45.207130 16.523000 0.020000
812311230154121088 45.309410 23.861770 0.020000
911170040174132480 45.316120 -3.574610 0.020000
1310120150164118016 45.335980 -15.743840 0.020000
1311100150164118272 45.336160 -15.743650 0.020000
909281230154128768 45.419150 24.261500 0.020000
1312250090174130432 45.434700 -9.345420 0.020000
