1511181210214106368 61.120810 20.050150 0.020000
1312101090224103680 61.236900 8.677580 0.020000
1403251150224106496 61.405780 14.529620 0.020000
908270010224118016 61.420390 -1.617260 0.020000
1309141260204167168 61.469110 27.788280 0.020000
1201301180224121856 61.621310 18.319100 0.020000
809241150224113792 61.622970 14.870520 0.020000
1202240120224143104 61.628260 -11.328980 0.020000
810071290204126208 61.651330 29.402610 0.020000
1510130230214106880 61.656660 -24.914010 0.020000
1002191010224113664 61.749230 0.878860 0.020000
1603041350194140160 61.925710 35.476630 0.020000
911240070224131584 62.060370 -6.345790 0.020000
1201131150224104704 62.091210 14.254360 0.020000
1012061010234104576 62.222140 0.303750 0.020000
1603311320204178944 62.336570 33.600800 0.020000
1109260040234128128 62.444110 -4.000950 0.020000
1011130180224123648 62.617270 -18.159950 0.020000
1512171400184214272 62.749290 42.269230 0.020000
1012140150224121984 62.857300 -15.389930 0.020000
