1202241520334122496 145.857830 52.024660 0.020000
811221230484131840 145.859250 25.172760 0.020000
1503280180504138752 145.935970 -17.784270 0.020000
1103271230484143616 146.005890 25.256500 0.020000
911271090524101760 146.196140 8.526950 0.020000
1405051260484110592 146.257280 26.198280 0.020000
1505011380424120832 146.267650 38.556950 0.020000
1112311180504113280 146.295860 17.762450 0.020000
802141070524120832 146.347010 7.257680 0.020000
712201180514109952 146.348050 17.595720 0.020000
1104281400414125952 146.432370 41.127210 0.020000
1202251070524128000 146.486970 6.940090 0.020000
1102231070524125568 146.487000 6.940140 0.020000
1502260010534127616 146.528890 -0.933820 0.020000
1201211210504102912 146.553530 19.841160 0.020000
903190120524118016 146.614390 -13.137730 0.020000
1403061070524109568 146.625260 6.188540 0.020000
1106091430394126592 146.652380 44.779300 0.020000
811301230494109824 146.737160 23.136050 0.020000
1301131320454135296 146.798630 33.074220 0.020000
