1304151430524125440 196.035190 43.902140 0.020000
804040090704116480 196.058800 -10.320240 0.020000
1605290070704139264 196.061200 -5.761060 0.020000
1506151290624129024 196.062160 30.167260 0.020000
1105241010704124672 196.158430 1.461690 0.020000
901280070704113408 196.165320 -7.809150 0.020000
1304131320603113472 196.171120 31.882400 0.020000
1103130010704109440 196.188400 -2.214590 0.020000
1002151210664125696 196.289240 21.314640 0.020000
1201021570394134016 196.311600 58.482080 0.020000
1405031350584112384 196.313840 34.724380 0.020000
902261320614124800 196.450550 32.426100 0.020000
1401031120694103552 196.478950 11.475780 0.020000
1306201260644112896 196.660960 26.470900 0.020000
1604131010704131840 196.702040 1.983120 0.020000
1305031150684122624 196.710190 15.575710 0.020000
1106040010704126976 196.777880 -1.178900 0.020000
1201291320614144000 196.781090 33.651630 0.020000
802061070704106624 196.936020 6.134710 0.020000
1506161230654125312 196.955420 24.342000 0.020000
