1502101260684138496 209.454490 28.168540 0.020000
1305151230694116608 209.550250 23.420640 0.020000
903031210714107392 209.580730 20.180870 0.020000
903241320654103552 209.644780 31.214540 0.020000
1203171120744115968 209.735410 12.139390 0.020000
1406061290664101888 209.746560 28.346090 0.020000
1405060040754131456 209.747590 -3.559180 0.020000
1202251010754144000 209.758150 2.294190 0.020000
1605141180724109312 209.768750 17.634290 0.020000
1104021550454132736 209.774250 55.742300 0.020000
804041430564115712 209.935380 43.404000 0.020000
1204211260684121856 209.975160 26.653940 0.020000
1004151150734108288 209.998350 14.609210 0.020000
905131210714108160 210.062180 20.291630 0.020000
1204011460534140672 210.107550 47.665340 0.020000
1504011460534132224 210.137840 47.695510 0.020000
1503211010754116352 210.253750 0.999300 0.020000
1602071460534108672 210.297930 45.751500 0.020000
1504101070754128384 210.305140 7.632780 0.020000
1105250120744147072 210.325900 -11.399860 0.020000
