1303121070564106752 157.550750 6.001660 0.020000
1102231070564133504 157.574900 8.063190 0.020000
1202271090564148736 157.689020 11.141820 0.020000
1101140120564138752 157.732160 -11.676240 0.020000
1206091490384128256 157.736190 49.745370 0.020000
1403090150554114304 157.856780 -15.950060 0.020000
1411291380464115456 157.918580 37.771770 0.020000
904291090564105856 157.949980 8.873470 0.020000
903271290504112000 157.990980 29.097510 0.020000
1403281040574136576 158.142410 5.225370 0.020000
1205241230524115200 158.196940 23.607890 0.020000
802081070564124672 158.321880 7.355200 0.020000
1203031550344130816 158.369350 55.829570 0.020000
1305011070564124160 158.391900 7.190690 0.020000
1212080070564107008 158.447750 -8.152250 0.020000
1201181010574131200 158.453030 2.063800 0.020000
1105141600304117248 158.464290 60.852080 0.020000
812010040574130304 158.474160 -3.357050 0.020000
1005071380464123904 158.517950 38.541780 0.020000
1603111040574114048 158.639960 3.752220 0.020000
