1010140210074119680 19.453100 -21.185120 0.020000
1101301210074122880 19.477640 21.222320 0.020000
1309161260074128640 19.523320 27.190480 0.020000
908181180074103424 19.604810 17.238860 0.020000
711091230074132736 19.682490 24.985880 0.020000
1111020260074117632 19.696560 -26.864120 0.020000
1209141090074136320 19.698810 10.720010 0.020000
1011130210074111872 19.738580 -21.691680 0.020000
1010281290074137472 19.925930 30.413680 0.020000
1211140230074119680 19.949740 -24.273470 0.020000
1211131260074114048 20.053530 26.177850 0.020000
1012041320074131456 20.248440 32.929110 0.020000
1511061150074105088 20.258400 14.459300 0.020000
1610230180074121472 20.341940 -17.840270 0.020000
712051090084115968 20.365950 9.771980 0.020000
1011141010084122112 20.377070 1.572250 0.020000
1410251210074102016 20.378360 19.878970 0.020000
809231290074123264 20.386660 29.687310 0.020000
1409260010084125440 20.404220 -1.058280 0.020000
1210090090084147712 20.502250 -8.563760 0.020000
