1211040151144115712 328.941800 -16.015640 0.020000
1406100121164146176 328.953990 -11.364350 0.020000
1412011261074108160 329.029440 25.694700 0.020000
1409011181134159616 329.101030 19.111540 0.020000
1211240181134110720 329.126070 -19.100260 0.020000
907280041184142848 329.126900 -3.332360 0.020000
906221181134169472 329.151350 19.544980 0.020000
1211030011184117248 329.234700 -1.900480 0.020000
1410180011184116224 329.235510 -1.900120 0.020000
1209141071174108928 329.291280 5.946420 0.020000
1006151091174130048 329.563730 9.785900 0.020000
1511090091174129920 329.672810 -9.697200 0.020000
1309281181134139648 329.701990 18.416710 0.020000
1606171181134127872 329.767190 18.186290 0.020000
1406041041184121344 329.771340 4.110520 0.020000
1511111121164114432 329.897870 12.062040 0.020000
1110041261074109952 330.077200 25.764120 0.020000
1006241041184114432 330.130130 3.575140 0.020000
1511110151144140800 330.148430 -14.337440 0.020000
1107030071174105472 330.176100 -8.261670 0.020000
