1109190121114107776 317.085920 -13.819250 0.020000
905280091124112512 317.156690 -10.863370 0.020000
1105130041134149120 317.193510 -3.842000 0.020000
1410120151104134400 317.341700 -15.296200 0.020000
1107010211074141952 317.371440 -20.731040 0.020000
1106061121124182912 317.460350 13.810720 0.020000
1004041151104175744 317.475530 16.514450 0.020000
1511081091134116608 317.573520 9.050540 0.020000
807021041134103680 317.716930 2.872300 0.020000
905280121124129280 317.741720 -12.911180 0.020000
911170211074120832 317.789730 -21.624730 0.020000
1109180071134113536 318.101140 -7.814470 0.020000
1005171121124143360 318.123120 12.534620 0.020000
1210051151104133376 318.411730 15.042380 0.020000
905270071134147968 318.435920 -6.558600 0.020000
1006200121124103040 318.650810 -14.001680 0.020000
1211120181094128640 318.765380 -18.567930 0.020000
1209150011144164352 318.776180 -0.521140 0.020000
1306131151104173312 318.947320 16.198860 0.020000
908280011144146688 318.961940 -0.121050 0.020000
