1509201320024142848 5.128130 33.081400 0.020000
712041090024121856 5.177940 10.345590 0.020000
1109181070024115328 5.191600 6.934770 0.020000
1011051320024147584 5.217550 33.659850 0.020000
810090150024205440 5.464140 -16.534380 0.020000
809060090024127488 5.478970 -8.982870 0.020000
1006111070024108672 5.635210 6.134670 0.020000
1111191120034144768 5.726140 13.872890 0.020000
1011080040034140672 5.800880 -3.093650 0.020000
1312251040034102528 5.874660 2.950180 0.020000
1511071400024170752 5.881890 42.282270 0.020000
711121040034122752 5.882700 4.718530 0.020000
912111090034111104 5.905470 9.105550 0.020000
809241350024154752 6.130710 36.592650 0.020000
712041070034104064 6.162360 5.915240 0.020000
811231070034125440 6.250750 7.563800 0.020000
911170210034128768 6.254510 -20.720120 0.020000
1410251430024122368 6.477230 43.122680 0.020000
801101090034102272 6.550190 8.669790 0.020000
1211121150034142208 6.599400 16.507600 0.020000
