1304011040734113536 204.119030 3.675330 0.020000
1202251040734116608 204.120150 3.675660 0.020000
1104121040734115456 204.121010 3.675930 0.020000
1001151040734114944 204.122310 3.676240 0.020000
801311040734112000 204.124340 3.676880 0.020000
1305121010734109184 204.141940 0.481900 0.020000
1204200210694113024 204.168400 -21.854410 0.020000
1502130040734108160 204.204100 -5.083570 0.020000
1206141460524107520 204.214990 45.730180 0.020000
1504231380594131968 204.216210 38.660240 0.020000
1103081210694128512 204.231660 21.961710 0.020000
805020120724141568 204.233980 -11.668130 0.020000
1201230040734148608 204.237200 -3.034410 0.020000
1605061350614117376 204.315810 35.015600 0.020000
1306191350614114304 204.316790 35.015830 0.020000
1102231350614114816 204.317790 35.016050 0.020000
1303161150714107136 204.338530 14.495700 0.020000
1406221350614104064 204.464050 34.163310 0.020000
1104271400574107904 204.569900 39.920060 0.020000
1602261600384105216 204.666880 59.734730 0.020000
