1004301 230.963510 8.635083 0.020000
1004302 230.976810 27.995643 0.020000
1004303 230.983920 -8.288407 0.020000
1004304 231.065340 5.088223 0.020000
1004305 231.080420 22.188963 0.020000
1004306 231.094460 61.804283 0.020000
1004307 231.121140 48.581833 0.020000
1004308 231.257320 -1.472527 0.020000
1004309 231.289960 36.048403 0.020000
1004310 231.335890 24.964103 0.020000
1004311 231.407680 -7.911507 0.020000
1004312 231.558240 8.333853 0.020000
1004313 231.604990 -14.662487 0.020000
1004314 231.624800 23.639693 0.020000
1004315 231.629550 42.133703 0.020000
1004316 231.648220 -21.871947 0.020000
1004317 231.665980 18.281713 0.020000
1004318 231.692420 -20.874597 0.020000
1004319 231.722910 16.398513 0.020000
1004320 231.838840 21.611543 0.020000
