1109181041214127744 338.356600 4.654180 0.020000
1410140181164125952 338.362870 -18.146710 0.020000
1409250071204135424 338.432420 -6.368920 0.020000
1609221121194118144 338.535820 12.412320 0.020000
1406011231114132224 338.562370 23.998600 0.020000
909100041214124288 338.576980 -3.925030 0.020000
1309010121194109184 338.585130 -13.615120 0.020000
1211061121194114560 338.589920 11.978490 0.020000
1210181321044127488 338.594940 32.218650 0.020000
1110231351004159232 338.698890 35.750190 0.020000
1607041091204106240 338.714180 8.810580 0.020000
1406010011214128384 338.728120 -1.082000 0.020000
1510020011214125312 338.728490 -1.081880 0.020000
712190011214120448 338.785210 -1.199890 0.020000
1010120211144113152 338.818620 -21.698360 0.020000
810300151174110464 338.993130 -16.098890 0.020000
806111041214137216 339.026170 5.087940 0.020000
1610040181164105728 339.074810 -19.331740 0.020000
1005211291074109440 339.093580 28.482620 0.020000
809060151174131840 339.142120 -14.556050 0.020000
