1002140120874160512 246.845190 -12.532920 0.020000
1505221460624119808 246.849800 46.194430 0.020000
1106111070884131200 247.025700 6.887640 0.020000
1603191380714102016 247.101490 36.774510 0.020000
1005131230814132096 247.128670 24.049800 0.020000
1006151460624145280 247.156590 47.569470 0.020000
1006051260804124288 247.217100 26.374730 0.020000
1409251090884104704 247.442030 8.641830 0.020000
1106030120874113920 247.646110 -13.706850 0.020000
1204191120874110464 247.745230 11.724220 0.020000
1310231380714111744 247.769340 37.348750 0.020000
805051090884151936 247.837060 10.526080 0.020000
1406010230824156928 247.890880 -24.079860 0.020000
1106040210844128768 247.910300 -21.972630 0.020000
906011070884121344 248.122260 6.423480 0.020000
1105071350744129408 248.163640 35.185540 0.020000
1006010010894143616 248.297270 -1.192120 0.020000
1006161120874112512 248.324680 11.751350 0.020000
905020010894123264 248.381850 -2.069560 0.020000
1505071290784123648 248.430530 29.692060 0.020000
