1005121230684112512 207.051200 23.613860 0.020000
1601301260674125568 207.086480 27.384600 0.020000
1503201430554119680 207.160550 43.685600 0.020000
1205260230684118016 207.203830 -24.431840 0.020000
1105120260674103424 207.263490 -28.066490 0.020000
1303171320644114944 207.263900 31.876740 0.020000
802181320644109440 207.263950 31.876980 0.020000
1105121180714104192 207.274600 17.233470 0.020000
1301220040744106240 207.462580 -5.325540 0.020000
806070040744116352 207.576730 -4.577510 0.020000
1602131040744110848 207.645670 3.510030 0.020000
1005211180714134400 207.690780 19.438390 0.020000
1003191260674132736 207.696370 27.637260 0.020000
1104061260674111872 207.740810 26.278390 0.020000
1005061010744108160 207.768430 0.521970 0.020000
1003201120734136448 207.782530 13.568520 0.020000
901301150724101120 207.840490 14.143770 0.020000
1104051010744147072 207.877290 2.692850 0.020000
905261090744109824 207.930420 9.114790 0.020000
1404021520474126336 207.973080 52.591000 0.020000
