1001121 57.514340 37.047743 0.020000
1001122 57.544640 32.574893 0.020000
1001123 57.645300 35.579703 0.020000
1001124 57.651940 13.947453 0.020000
1001125 57.789920 15.515523 0.020000
1001126 57.853300 36.966653 0.020000
1001127 57.960990 -6.416797 0.020000
1001128 57.978540 -8.355247 0.020000
1001129 58.200230 21.451513 0.020000
1001130 58.322900 29.182473 0.020000
1001131 58.325820 -3.779767 0.020000
1001132 58.335040 31.168873 0.020000
1001133 58.349450 -16.680617 0.020000
1001134 58.438430 14.003983 0.020000
1001135 58.506090 33.588483 0.020000
1001136 58.572190 36.544083 0.020000
1001137 58.584540 -17.890137 0.020000
1001138 58.631800 -4.567147 0.020000
1001139 58.838120 8.307093 0.020000
1001140 58.848430 11.592083 0.020000
