1310041231154105856 348.977670 22.825600 0.020000
1306051261134144256 349.048410 27.580690 0.020000
809221121234105216 349.069160 11.713200 0.020000
1208281231154134528 349.092050 24.255170 0.020000
1510150121234115584 349.172630 -13.082380 0.020000
1505241181204125952 349.214360 18.475870 0.020000
1009101091244136320 349.261930 10.969060 0.020000
1110280011254102784 349.403430 -2.635140 0.020000
1306061181204113408 349.439860 17.738840 0.020000
711091151214121600 349.496720 15.550830 0.020000
1412120071244109568 349.511470 -7.790610 0.020000
908260151214118528 349.525850 -15.849220 0.020000
1109180071244109312 349.637610 -7.719420 0.020000
1211040071244137216 349.740740 -6.046330 0.020000
1509180071244134912 349.786940 -6.220740 0.020000
1309010071244136704 349.787300 -6.219870 0.020000
1109180071244128768 349.787630 -6.219010 0.020000
1110211321074152448 349.788240 33.261050 0.020000
1510150121234125568 349.798060 -12.431830 0.020000
811060041254125824 349.867600 -3.671760 0.020000
