1201261350534144512 179.571650 36.353010 0.020000
1003211150624122240 179.586160 15.336320 0.020000
1104260010644109824 179.608210 -2.180290 0.020000
1101160070644123392 179.766080 -6.978230 0.020000
1005170210614102656 179.796930 -22.477030 0.020000
1312310090644126976 179.803180 -9.680820 0.020000
1304190090644106752 179.874680 -10.876850 0.020000
1503201120634113792 179.945950 12.194150 0.020000
1201261350544143104 180.098890 36.310820 0.020000
804011230604119168 180.195060 23.919100 0.020000
1102050150634124032 180.220530 -15.438960 0.020000
1605141380524125952 180.279210 38.876720 0.020000
1302161040654110976 180.307060 3.435730 0.020000
1203211150634107392 180.434230 14.526600 0.020000
1202251150634109184 180.434310 14.526650 0.020000
1602271260594119936 180.455900 27.276700 0.020000
712180180624111488 180.470000 -18.972700 0.020000
1403091380524109312 180.522580 37.335140 0.020000
902011010654115584 180.553980 0.809460 0.020000
1505211260594119936 180.604580 26.811830 0.020000
