1110170041194139904 334.213080 -3.265270 0.020000
910200071184138496 334.227570 -6.253470 0.020000
1610061321034114560 334.299020 31.638030 0.020000
1110231321034126336 334.323030 31.947220 0.020000
1111031350994156288 334.331050 35.580380 0.020000
1308280181154102528 334.350340 -19.664610 0.020000
1208121350994133504 334.595140 34.752560 0.020000
1012061211134142848 334.599770 21.799200 0.020000
1107030151164136704 334.667600 -14.675600 0.020000
911170151164131840 334.754420 -14.943040 0.020000
806100091194116352 334.754880 -10.043580 0.020000
1111291231104136064 334.805180 24.201460 0.020000
1010121181154143744 334.957550 18.956740 0.020000
812301121184105216 335.009460 11.640380 0.020000
1308090211134116096 335.014670 -21.656170 0.020000
1309300091194104576 335.209630 -11.030680 0.020000
1309250091194105088 335.316760 -10.989990 0.020000
1410181261094148608 335.398230 27.417550 0.020000
1209231181154135808 335.436530 18.668890 0.020000
1209171181154141952 335.436550 18.668820 0.020000
