1406171070634116864 178.470760 6.995280 0.020000
1104121040644116480 178.565740 3.937920 0.020000
1606070040644119040 178.625480 -4.226230 0.020000
1504131460454108416 178.649070 45.790170 0.020000
1106121120634119168 178.715730 12.689820 0.020000
1112291260584131840 178.732620 27.371940 0.020000
1605031230594105088 178.749500 22.919920 0.020000
1603071010644129280 178.767490 1.718500 0.020000
902221260584105600 178.818990 25.734260 0.020000
1203231490434144512 178.943630 50.582480 0.020000
1303031120634108416 178.976290 11.838200 0.020000
1102120070644118144 179.110890 -7.364050 0.020000
1404060230594136576 179.178470 -23.021210 0.020000
1204191260584120320 179.230940 26.661480 0.020000
1406221260584116736 179.231400 26.660750 0.020000
1605311460454131456 179.353650 47.556920 0.020000
1504271350534130432 179.370650 36.223440 0.020000
1005121230594128256 179.394650 24.707700 0.020000
1305021320554137856 179.406550 33.541380 0.020000
1004050070644127872 179.504900 -6.491840 0.020000
