1402251180534136832 152.987060 19.228320 0.020000
904201320474124672 153.034610 32.575820 0.020000
1001080010554115840 153.055280 -1.816700 0.020000
1412231210524126976 153.067240 21.558840 0.020000
1203240180534128128 153.072300 -18.402950 0.020000
1305021260504113408 153.089080 26.194680 0.020000
1202231320474151168 153.095600 33.726670 0.020000
805061210524116736 153.100960 21.084830 0.020000
1103111070554133120 153.141080 7.780700 0.020000
1003150010554112384 153.176470 -1.970830 0.020000
1012111350464134016 153.177940 35.900640 0.020000
1102231090554106240 153.272480 8.784640 0.020000
1312310120544103680 153.281000 -13.943510 0.020000
1302170150534108928 153.292740 -16.531560 0.020000
1604131090554109952 153.298710 9.163860 0.020000
1402061460394128640 153.343490 47.267190 0.020000
1603110090554101504 153.602720 -11.218360 0.020000
1512031430414122240 153.628250 43.903990 0.020000
1201191430414129152 153.629210 43.904590 0.020000
901201260504118784 153.645720 26.611710 0.020000
