1205190090574131456 160.754940 -9.210140 0.020000
1012130090574133760 160.755840 -9.210340 0.020000
1102080090574128000 160.806380 -9.897900 0.020000
1012141320504109824 160.825900 31.586850 0.020000
1305030120574141440 160.840990 -11.620630 0.020000
1403051010584123904 160.846290 1.578470 0.020000
1204161120574107136 160.973930 11.671510 0.020000
1404021490394122240 160.980320 49.485980 0.020000
1002171210554127488 161.047610 21.218630 0.020000
1411241400454118400 161.279920 40.802920 0.020000
1002151150564104192 161.312030 14.342570 0.020000
804281380474127488 161.329770 39.096600 0.020000
1412241230534106624 161.335990 23.041450 0.020000
905161090574137344 161.342400 10.954730 0.020000
1302051070574141440 161.350960 8.085370 0.020000
1101140180564116480 161.377220 -18.856820 0.020000
1112291430434117632 161.378630 43.427100 0.020000
1301061230534111744 161.416050 23.283300 0.020000
801111180564113024 161.478250 17.794380 0.020000
1511081570324139264 161.488510 59.074450 0.020000
