1002361 156.734220 18.518733 0.020000
1002362 156.757060 8.990163 0.020000
1002363 156.788520 41.985913 0.020000
1002364 156.881230 40.296773 0.020000
1002365 156.913970 28.773833 0.020000
1002366 157.096860 25.738913 0.020000
1002367 157.118610 18.035663 0.020000
1002368 157.141900 -2.583217 0.020000
1002369 157.144520 6.214893 0.020000
1002370 157.178630 -8.290737 0.020000
1002371 157.182790 -16.184117 0.020000
1002372 157.286510 46.116013 0.020000
1002373 157.302320 40.738813 0.020000
1002374 157.316420 27.686383 0.020000
1002375 157.354290 61.509783 0.020000
1002376 157.366250 22.046273 0.020000
1002377 157.402990 19.145463 0.020000
1002378 157.407110 41.712893 0.020000
1002379 157.448510 39.303493 0.020000
1002380 157.550750 6.034993 0.020000
