908260070194123136 53.296950 -7.075780 0.020000
1110181320174103296 53.303320 31.356580 0.020000
1310090150194118912 53.338640 -15.687810 0.020000
1512081320174144768 53.470150 33.345620 0.020000
1111271320174145536 53.486970 33.364420 0.020000
1411280150194118656 53.619660 -15.589280 0.020000
1202111180194119424 53.639240 18.077860 0.020000
910270070194120448 53.707550 -7.179900 0.020000
1010291040204101760 53.740010 2.970540 0.020000
1309011150194133760 53.750440 16.127470 0.020000
711070010204109952 53.820530 -2.101950 0.020000
811071180194133632 53.982470 19.188630 0.020000
1011281010204114560 54.014700 1.101100 0.020000
1411251150194108672 54.040140 14.705330 0.020000
1112251320174117120 54.107050 32.137130 0.020000
1109230070203125504 54.295620 -6.849770 0.020000
901031090204129024 54.305280 10.519870 0.020000
1511220230184109568 54.497360 -24.568110 0.020000
809071120204122624 54.622120 13.037650 0.020000
1601131070204113152 54.664680 6.560370 0.020000
