805061180644108544 184.719290 17.572570 0.020000
1203221230614107392 184.732110 22.951990 0.020000
1304151430494101504 184.770340 42.414960 0.020000
1103021180644127488 184.796730 18.514390 0.020000
1102050120654141312 184.799890 -11.422630 0.020000
1003150180644112640 184.852740 -19.006790 0.020000
1303011380534115584 184.886050 38.040540 0.020000
1201011010664138240 184.981650 2.225500 0.020000
1303161320574130688 185.072350 32.932230 0.020000
1302051320574131456 185.072380 32.932210 0.020000
1403231120654127104 185.075340 13.237460 0.020000
1201251320574121984 185.159250 32.294380 0.020000
1602271290594104320 185.160700 28.637840 0.020000
1404011430494121472 185.175990 43.766370 0.020000
1401011430494124800 185.176170 43.766150 0.020000
1105241150644113152 185.186820 14.938060 0.020000
1306140090664121088 185.190710 -9.603240 0.020000
902261350554118272 185.214470 34.835040 0.020000
803240090664110592 185.249050 -10.459760 0.020000
1304020070664116224 185.256460 -7.269110 0.020000
