1000221 12.295510 5.413493 0.020000
1000222 12.295670 5.412243 0.020000
1000223 12.296070 5.411423 0.020000
1000224 12.296360 5.410593 0.020000
1000225 12.296700 5.409783 0.020000
1000226 12.430170 2.651073 0.020000
1000227 12.476200 -4.205057 0.020000
1000228 12.585740 33.354923 0.020000
1000229 12.589720 -4.838947 0.020000
1000230 12.603540 25.212953 0.020000
1000231 12.616480 23.979373 0.020000
1000232 12.628390 27.133283 0.020000
1000233 12.649040 -20.319717 0.020000
1000234 12.654420 29.537783 0.020000
1000235 12.744380 -2.120517 0.020000
1000236 12.795620 11.130823 0.020000
1000237 12.846670 26.536083 0.020000
1000238 12.850600 37.283673 0.020000
1000239 12.869660 -17.607677 0.020000
1000240 12.897590 -20.646697 0.020000
