1003701 206.145410 9.227583 0.020000
1003702 206.169830 10.423243 0.020000
1003703 206.197060 -9.155107 0.020000
1003704 206.202380 21.113333 0.020000
1003705 206.243000 13.737113 0.020000
1003706 206.265130 28.009153 0.020000
1003707 206.308440 34.916583 0.020000
1003708 206.360670 -10.698007 0.020000
1003709 206.387850 44.916743 0.020000
1003710 206.450190 10.800533 0.020000
1003711 206.455420 7.141963 0.020000
1003712 206.461610 26.829633 0.020000
1003713 206.471830 -12.875127 0.020000
1003714 206.491310 32.562023 0.020000
1003715 206.501110 -21.172417 0.020000
1003716 206.523650 28.065093 0.020000
1003717 206.553970 -18.424467 0.020000
1003718 206.569840 32.800083 0.020000
1003719 206.572640 -19.527187 0.020000
1003720 206.704350 13.948273 0.020000
