1010110010084107392 21.730380 -2.347940 0.020000
1501220010084117248 21.742360 -1.359130 0.020000
1111170010084134912 21.760620 -0.719140 0.020000
809211040084103552 21.774090 3.218260 0.020000
1611071120084120832 21.775770 12.857600 0.020000
712151120084108160 21.778740 11.986760 0.020000
1210131010084212480 21.810790 0.873370 0.020000
909210180084132864 21.857700 -17.639440 0.020000
1407021230084121856 22.080700 23.998240 0.020000
1309050070084111360 22.091320 -7.856120 0.020000
1611071010084109056 22.135520 0.635420 0.020000
1001141180084126464 22.159710 18.759910 0.020000
1410181120084103424 22.175510 11.514140 0.020000
1309050010084135680 22.198420 -0.608550 0.020000
1210100230084125696 22.219220 -23.662310 0.020000
1501220040084116992 22.231900 -4.191280 0.020000
1409240150084102912 22.239190 -16.745440 0.020000
1611050120084101120 22.277400 -14.078750 0.020000
908171040084112384 22.317860 3.588630 0.020000
908170070084124928 22.458320 -6.873660 0.020000
