909170210054123776 12.897590 -20.680030 0.020000
811211260054127872 12.925540 27.101590 0.020000
1509130010054130432 12.941820 -0.610500 0.020000
902131210054114560 12.967780 20.692790 0.020000
910261210054114816 12.970350 20.671510 0.020000
1410221380044126464 12.972900 37.838860 0.020000
1509251380044123136 12.990580 37.853890 0.020000
1301141010054127872 13.081170 1.609720 0.020000
908191210054114816 13.163200 20.658350 0.020000
1509181180054119936 13.422570 18.091440 0.020000
1409030040054108928 13.434800 -4.984940 0.020000
1310141400044134912 13.447250 40.930140 0.020000
1411200090054111232 13.449110 -10.455660 0.020000
908170010054101120 13.771310 -2.759850 0.020000
1309120090054115584 13.791800 -10.316340 0.020000
1608291090054122752 13.801980 10.293360 0.020000
1001160040054122240 13.846110 -3.824050 0.020000
1111170090054116992 13.853540 -10.277180 0.020000
1309120090054121728 13.878190 -9.890610 0.020000
1209260210054119168 13.937490 -21.219300 0.020000
