1004701 253.431150 4.998343 0.020000
1004702 253.444230 16.863753 0.020000
1004703 253.468620 38.858443 0.020000
1004704 253.495750 20.202893 0.020000
1004705 253.677800 37.940333 0.020000
1004706 253.721100 50.714963 0.020000
1004707 253.749540 -6.828397 0.020000
1004708 253.866090 59.157393 0.020000
1004709 253.893140 -8.365357 0.020000
1004710 253.893880 -8.364627 0.020000
1004711 253.936620 26.291393 0.020000
1004712 254.063790 26.484513 0.020000
1004713 254.203670 9.638333 0.020000
1004714 254.230910 -3.404387 0.020000
1004715 254.284210 36.027333 0.020000
1004716 254.350060 11.999783 0.020000
1004717 254.350210 31.761753 0.020000
1004718 254.420720 -5.906827 0.020000
1004719 254.424730 -4.228547 0.020000
1004720 254.439320 -4.701347 0.020000
