1304041290654130432 205.291190 30.024600 0.020000
1102251290654131328 205.292170 30.024480 0.020000
1203041150714144768 205.346310 16.686300 0.020000
804140150714109824 205.425750 -16.339390 0.020000
1602071290654125056 205.467160 29.787960 0.020000
1205181320634128384 205.638090 32.877970 0.020000
1504101400574114560 205.720750 40.533850 0.020000
1005051430554108544 205.754570 42.899900 0.020000
1106101520474116224 205.773430 52.145400 0.020000
1504131430554129152 205.773580 44.336200 0.020000
1202241320634124288 205.801110 32.442710 0.020000
805061210704218880 205.884340 21.111200 0.020000
1607081400574107392 205.904920 40.093210 0.020000
1405051380594130688 205.918110 38.803720 0.020000
1105271260674101888 205.978980 25.548030 0.020000
1305291660324120576 206.036080 66.103290 0.020000
1303071040744104960 206.044990 3.062290 0.020000
1003170180714135680 206.060370 -17.395200 0.020000
803111210704115968 206.104490 20.564700 0.020000
802121380594136832 206.113240 39.181110 0.020000
