1302171230424139264 126.137520 24.645420 0.020000
803051260414134656 126.168630 27.520110 0.020000
1005051070454130560 126.238510 7.120850 0.020000
1602271120454112768 126.388310 12.027100 0.020000
1605081070454144256 126.453630 7.920880 0.020000
1502131490314127872 126.453640 49.558210 0.020000
712301210434137728 126.460340 22.011470 0.020000
1101241120454105216 126.515490 11.639220 0.020000
1412231320394136064 126.640450 33.112530 0.020000
1312241260414106368 126.652540 25.740030 0.020000
1102041210434115328 126.704850 20.375500 0.020000
803060010464155776 126.727850 -0.125810 0.020000
1301030010464118784 126.760050 -2.042770 0.020000
1302181430344101376 126.853970 42.393450 0.020000
1201141120454117888 126.973750 12.266770 0.020000
811301290404138752 127.071500 30.415040 0.020000
712311090454147968 127.090640 10.895690 0.020000
1312241350384110592 127.115960 34.454710 0.020000
1303171290404124160 127.199100 29.508570 0.020000
910170010464152064 127.242520 -0.586760 0.020000
