1301151460334132224 130.422020 46.876470 0.020000
1211241430354131200 130.682880 44.540110 0.020000
1512061120464134144 130.716610 13.167730 0.020000
810281380384119040 130.839340 37.892810 0.020000
804261290424126976 130.866090 30.396010 0.020000
1312111150464138752 130.913770 16.177240 0.020000
803091430354107776 130.991920 42.843680 0.020000
1102081010474158336 131.000390 2.655200 0.020000
903310010474128896 131.056870 -1.468660 0.020000
1304181520304134144 131.147270 53.075310 0.020000
912160070474149248 131.172880 -6.326480 0.020000
1312241380384107520 131.178860 37.134710 0.020000
803091380384113792 131.197900 37.560790 0.020000
1011011260434138112 131.311700 27.823200 0.020000
1405091180454129152 131.328170 19.139980 0.020000
1603301320414114560 131.352650 31.871280 0.020000
902010040474111616 131.438900 -5.191600 0.020000
802091040474117504 131.479370 3.658130 0.020000
802021010474127104 131.532220 1.295250 0.020000
1202221230444107776 131.559310 22.917170 0.020000
