1606151210784125440 231.838840 21.578210 0.020000
1205011180804142336 231.840400 19.463730 0.020000
1201011180804126720 231.877910 18.290900 0.020000
812301150804143872 231.903150 16.734990 0.020000
1201011210784129024 231.944540 21.244980 0.020000
1409151350694129920 231.950200 35.620380 0.020000
1304101090824105472 231.958220 8.735420 0.020000
1203281180804140032 231.973920 18.921810 0.020000
1303241460584112128 232.032760 46.008320 0.020000
1306051430624132096 232.041090 44.196400 0.020000
1504301150804136960 232.054280 16.719280 0.020000
1306091180804104448 232.217490 17.032350 0.020000
904191040834124544 232.241150 3.819940 0.020000
1305110010834146560 232.276550 -0.515990 0.020000
1403281230774125824 232.299120 24.058050 0.020000
1406191430624109312 232.435810 42.877680 0.020000
1106021230774137728 232.505830 24.874740 0.020000
1107010040834140032 232.508560 -3.536130 0.020000
1303140010834117632 232.537220 -1.970390 0.020000
1005061090834125696 232.562620 9.829560 0.020000
