712301210424106880 124.529380 20.121990 0.020000
1410281040454149376 124.557910 4.764630 0.020000
801111400354131072 124.619920 41.416770 0.020000
1004151010454133248 124.653480 1.368650 0.020000
1005121320394119936 124.759610 32.443750 0.020000
1002021180433134208 124.900270 19.261150 0.020000
912131460324139264 125.080710 47.792100 0.020000
1011101350374137728 125.197550 35.893740 0.020000
902241460324109824 125.348910 45.693140 0.020000
1202181260414118400 125.422780 26.399430 0.020000
1010311290404125568 125.469030 29.753690 0.020000
1410141520294130176 125.566710 52.570330 0.020000
1401071070454146304 125.729010 7.509030 0.020000
912201400354121216 125.739790 40.697100 0.020000
803111230424136704 125.829610 24.514840 0.020000
1503141290404131328 125.846620 30.107920 0.020000
1401031290404108288 125.883790 28.637240 0.020000
1401281040454148096 125.967990 4.615280 0.020000
1511141320394124032 125.978040 32.390690 0.020000
1602101380374108160 126.102980 37.074650 0.020000
