1000661 32.339710 -18.784057 0.020000
1000662 32.350790 -3.147097 0.020000
1000663 32.422020 1.271033 0.020000
1000664 32.447190 -4.678137 0.020000
1000665 32.479180 31.793993 0.020000
1000666 32.489860 -19.862637 0.020000
1000667 32.669900 -1.133427 0.020000
1000668 32.792590 17.306753 0.020000
1000669 32.842090 39.954073 0.020000
1000670 32.891600 23.913783 0.020000
1000671 32.930970 -7.296067 0.020000
1000672 33.005060 -26.007807 0.020000
1000673 33.029070 17.173093 0.020000
1000674 33.172460 -5.909487 0.020000
1000675 33.283210 18.771043 0.020000
1000676 33.287650 -18.998327 0.020000
1000677 33.297290 0.398003 0.020000
1000678 33.319730 -7.292257 0.020000
1000679 33.407480 -11.125727 0.020000
1000680 33.433220 12.977363 0.020000
