802070070324109056 90.156610 -8.162430 0.020000
1212040090324112384 90.677760 -10.793320 0.020000
1401110120324135424 91.153360 -12.627710 0.020000
1301130010334119168 91.560000 -2.382840 0.020000
912150070334159616 91.783630 -6.059780 0.020000
1601030090334163200 92.103560 -9.308430 0.020000
911100070334153344 92.330480 -6.698710 0.020000
1102070150324113920 92.606460 -16.483050 0.020000
1510011490234104832 93.248090 48.117510 0.020000
1610131570194117376 93.680360 57.278740 0.020000
1112301490234160128 94.187400 49.859030 0.020000
1411301600184148480 94.936870 60.988090 0.020000
1411211520224177152 95.313320 53.277810 0.020000
1601151600184152576 95.867000 61.437630 0.020000
1312231490234178560 96.208330 50.519730 0.020000
1312231520224138752 96.714510 52.129120 0.020000
1302081430274150144 98.604030 43.753870 0.020000
910261400284160640 98.658010 41.346270 0.020000
1403101460254114560 98.914230 45.680650 0.020000
1611091350304122624 99.493400 34.499480 0.020000
