1003221 189.245080 31.822683 0.020000
1003222 189.387420 26.610363 0.020000
1003223 189.441990 -3.254817 0.020000
1003224 189.503980 46.686223 0.020000
1003225 189.567470 -15.075597 0.020000
1003226 189.589650 14.605153 0.020000
1003227 189.604970 37.699493 0.020000
1003228 189.640200 3.348453 0.020000
1003229 189.645450 -6.860457 0.020000
1003230 189.741180 26.957123 0.020000
1003231 189.741390 26.956683 0.020000
1003232 189.789950 42.046513 0.020000
1003233 189.807410 45.451683 0.020000
1003234 189.808080 45.452393 0.020000
1003235 189.896150 16.620063 0.020000
1003236 189.915760 11.445143 0.020000
1003237 189.934180 3.181153 0.020000
1003238 190.082670 15.926933 0.020000
1003239 190.105010 16.160153 0.020000
1003240 190.114240 -15.066137 0.020000
