1004061 220.608340 -11.557797 0.020000
1004062 220.681000 26.281273 0.020000
1004063 220.681160 26.281293 0.020000
1004064 220.716770 -22.811017 0.020000
1004065 220.766740 17.143503 0.020000
1004066 220.817820 -7.888937 0.020000
1004067 220.818890 -1.006127 0.020000
1004068 220.876150 8.239163 0.020000
1004069 220.917060 -0.861947 0.020000
1004070 220.924230 -7.645137 0.020000
1004071 220.924670 -17.897227 0.020000
1004072 220.928540 4.004513 0.020000
1004073 220.975820 20.403283 0.020000
1004074 220.987140 25.062323 0.020000
1004075 221.070790 -20.299317 0.020000
1004076 221.071610 -20.298847 0.020000
1004077 221.072440 -20.298277 0.020000
1004078 221.073140 -20.297657 0.020000
1004079 221.074150 -20.297127 0.020000
1004080 221.075060 -20.296497 0.020000
