1605061430534141184 199.804120 45.086510 0.020000
1106230040724111104 199.829680 -4.851650 0.020000
803111230664115456 199.977170 23.433330 0.020000
1412300040724128768 200.109030 -3.936250 0.020000
803111210684104448 200.152540 19.932040 0.020000
1303171260654136320 200.153710 27.525790 0.020000
1306271040724131840 200.159880 4.770560 0.020000
802271010724123264 200.263250 1.891440 0.020000
1202291210684145408 200.296570 22.270110 0.020000
812021090714122368 200.304080 10.128030 0.020000
1504091210684122112 200.333830 21.532910 0.020000
1303111090714111232 200.407450 9.168200 0.020000
1304190040724142848 200.460740 -2.865560 0.020000
1202271090714128384 200.503990 9.993220 0.020000
1102251290634109696 200.541720 28.882860 0.020000
1406240070714132992 200.583740 -6.104900 0.020000
1306060070714107392 200.585500 -7.974250 0.020000
1103090150704112128 200.681750 -16.290140 0.020000
1502201230664120576 200.733660 24.464010 0.020000
1206191400564136448 200.734850 42.090160 0.020000
