810301011274114432 355.828420 1.214970 0.020000
909151400984177408 355.853540 42.144850 0.020000
1310131381024102144 355.883490 36.770220 0.020000
1210061011274106880 356.007640 0.354800 0.020000
807011071264128000 356.053410 7.873220 0.020000
1011151400984110848 356.135610 39.880980 0.020000
1009110011274140672 356.169030 -0.201350 0.020000
1411191231174147840 356.172740 25.288820 0.020000
1011020151234115200 356.301940 -15.918840 0.020000
1210041231174109440 356.441700 23.233820 0.020000
1510110121254118144 356.528400 -12.667650 0.020000
1006191261154142720 356.642870 27.396250 0.020000
1409031291124154624 356.783440 30.843580 0.020000
1301091071264128512 356.847420 7.255850 0.020000
1410241151234138368 356.858180 16.528470 0.020000
1011020151234106112 357.010810 -16.520040 0.020000
1209150071264108288 357.043320 -8.150710 0.020000
1101151181224113152 357.061330 18.205440 0.020000
1109230181234123008 358.028870 -18.430590 0.020000
1209190181234125056 359.344940 -18.453110 0.020000
