1406271400734124288 262.500560 40.604090 0.020000
903031490634110848 262.512220 48.355180 0.020000
1006161260854116864 262.532820 25.912120 0.020000
1304161350784103168 262.562640 33.943310 0.020000
1404021550564144896 262.698340 55.754930 0.020000
1406091210894124544 262.763130 20.608930 0.020000
1309261570524136960 262.768550 58.215380 0.020000
1110311260854171648 262.786200 27.968990 0.020000
907111350784151936 262.792240 36.427810 0.020000
1504161260854172672 262.856000 27.907870 0.020000
1511221430704132608 262.926420 43.892780 0.020000
909291150914127616 262.958890 15.049460 0.020000
1206171150914202112 263.010940 16.797430 0.020000
1206121090934157056 263.188650 9.796200 0.020000
908201290834147584 263.282870 30.109590 0.020000
1406300040944170240 263.383170 -4.423890 0.020000
1309261490634154240 263.415140 50.373840 0.020000
1304011430704131840 263.635470 43.705250 0.020000
1205301380764113664 263.695980 37.245880 0.020000
1106231150914161536 263.820440 15.785670 0.020000
