1209241210154109952 42.804350 20.388640 0.020000
1011160040164121216 42.815710 -3.885630 0.020000
1209180040164133632 42.816380 -3.886500 0.020000
1311090040164127488 42.816870 -3.887190 0.020000
1510030040164121344 42.817090 -3.888160 0.020000
1010011230154142080 42.854140 25.304470 0.020000
1111221070164127488 43.024930 7.179310 0.020000
1010131180154105088 43.052940 17.136240 0.020000
1610200150154126336 43.163110 -14.532460 0.020000
1210131010164129280 43.194610 1.928860 0.020000
1411171010164128000 43.195420 1.928550 0.020000
1412241290144114432 43.203890 29.054090 0.020000
1402111150154136576 43.267580 16.866180 0.020000
1502071150154145792 43.268580 16.865330 0.020000
1509251150154138880 43.269430 16.864640 0.020000
1611101150154138112 43.270450 16.863360 0.020000
909281230154141952 43.290170 25.046830 0.020000
1001121150154120192 43.309200 15.302200 0.020000
811181210154107264 43.311950 20.103680 0.020000
1111030010164113024 43.337460 -2.199160 0.020000
