901021210684119552 201.400070 21.010270 0.020000
1406061260654106880 201.411890 25.959420 0.020000
803130010724112896 201.498710 -2.007520 0.020000
1604261040724116480 201.501830 4.094010 0.020000
1403211180694103040 201.527210 17.140760 0.020000
1505271400564103936 201.552250 39.786610 0.020000
1401031150704133120 201.561160 16.043770 0.020000
1007050090724111232 201.583730 -10.522260 0.020000
805050090724128896 201.612520 -9.522200 0.020000
1204130010724117504 201.758520 -1.753530 0.020000
1103091290644104704 201.784920 28.438810 0.020000
1303161120714121984 201.802220 12.547600 0.020000
1412270090724102400 201.921090 -11.214330 0.020000
1606171210684127488 201.921530 22.133330 0.020000
804040180704103424 201.944770 -19.507360 0.020000
804011260664102784 202.004490 25.598700 0.020000
1505201090724107264 202.013340 8.939670 0.020000
1504110120714124288 202.090600 -12.643070 0.020000
804291230674139520 202.193630 25.278940 0.020000
1603151210684110848 202.201660 20.554640 0.020000
