1004181 225.063030 26.627313 0.020000
1004182 225.205440 -8.713047 0.020000
1004183 225.266800 43.253873 0.020000
1004184 225.310610 38.195183 0.020000
1004185 225.343020 12.971403 0.020000
1004186 225.389420 -11.606807 0.020000
1004187 225.399320 -10.373067 0.020000
1004188 225.459710 11.565433 0.020000
1004189 225.460910 29.350663 0.020000
1004190 225.543350 -15.569447 0.020000
1004191 225.544000 23.187383 0.020000
1004192 225.554550 10.679343 0.020000
1004193 225.555270 23.298083 0.020000
1004194 225.568290 24.819453 0.020000
1004195 225.615300 21.015963 0.020000
1004196 225.623160 20.096433 0.020000
1004197 225.660960 19.280863 0.020000
1004198 225.670600 33.606503 0.020000
1004199 225.684670 -22.063507 0.020000
1004200 225.760680 31.565233 0.020000
