1310070070244123392 66.412170 -6.880710 0.020000
1011070070244114560 66.506930 -7.604620 0.020000
1012100070244133248 66.550940 -6.567980 0.020000
1410231040244113152 66.582610 3.605790 0.020000
1610211040244121856 66.589380 4.539180 0.020000
912151010244104704 66.718740 0.205150 0.020000
1610100070244133376 66.763740 -6.173120 0.020000
1503161180234137088 66.882050 18.839640 0.020000
1211041040244133632 66.948220 4.952400 0.020000
909281260224129024 66.956700 26.500630 0.020000
1201290090244146176 67.023820 -8.503750 0.020000
802121320214113536 67.390320 31.491150 0.020000
1511061350204155648 67.472720 35.263510 0.020000
1412101150244143872 67.493640 16.555920 0.020000
809291090244127360 67.583110 9.888280 0.020000
1210111350204155648 67.599150 35.353310 0.020000
1404011320214120704 67.709300 31.686380 0.020000
1101130040254141312 67.801860 -3.247660 0.020000
1101251120244103168 67.913000 11.428050 0.020000
804061350214151936 67.922840 35.673290 0.020000
