1205161290754104064 237.351190 28.442570 0.020000
1201231180824105984 237.371810 17.141180 0.020000
1105251150824111872 237.461060 14.825020 0.020000
1003160070844134144 237.466810 -6.985570 0.020000
1006091120844120576 237.546400 12.278470 0.020000
1005131040854136960 237.566740 4.726100 0.020000
1605050010854156032 237.626270 -0.238240 0.020000
1105060040854124032 237.843030 -4.430620 0.020000
1502091400664141568 237.923970 42.143610 0.020000
1304081290754138368 237.979520 30.122970 0.020000
804050010854157184 238.020090 -0.107490 0.020000
1604161490574103808 238.119850 48.214540 0.020000
1205270070854173952 238.273920 -5.720640 0.020000
1205231210814118400 238.341860 20.706470 0.020000
804241120844107136 238.356960 11.743550 0.020000
1201201120844112896 238.356990 11.743600 0.020000
1206191070854114304 238.501590 6.330450 0.020000
1403281290754120192 238.513820 29.323360 0.020000
805051090854150912 238.563140 10.973620 0.020000
1404031320734123008 238.603510 32.434060 0.020000
