1608311040144104960 37.041270 3.179060 0.020000
1501181090144128512 37.084840 10.384430 0.020000
712061040144129536 37.116090 5.148650 0.020000
712141150134109952 37.241450 14.946250 0.020000
1010111040144109312 37.304760 3.394310 0.020000
1501200070144111360 37.344590 -7.575610 0.020000
1309300040144138496 37.418010 -3.105670 0.020000
909181230134142592 37.769710 25.057170 0.020000
1211071070144131584 37.859460 7.508870 0.020000
1010291290124145792 38.048640 30.610000 0.020000
1309050010144104960 38.062270 -2.611490 0.020000
1310260040144132352 38.070090 -3.495000 0.020000
1312241210134128128 38.076910 21.407860 0.020000
810311290124131200 38.114920 30.014130 0.020000
1201141120144127232 38.120050 13.135360 0.020000
1109211070144138112 38.235160 8.085620 0.020000
909201180144126976 38.260990 18.806110 0.020000
1010290010144110080 38.300700 -2.043030 0.020000
1509201180144139264 38.317780 19.256940 0.020000
1510130260134113792 38.402180 -27.168800 0.020000
