911101291064145024 337.223830 29.854020 0.020000
1406100121194111744 337.225190 -13.426410 0.020000
1306051261094129152 337.250960 26.575080 0.020000
905290091204130944 337.388900 -9.521910 0.020000
907270151174129536 337.512370 -14.976300 0.020000
1511231071204114688 337.530980 6.747870 0.020000
910161071204139008 337.556850 7.860660 0.020000
1010101291064134784 337.578240 29.480190 0.020000
806081181164128896 337.630510 18.322890 0.020000
1209171151174127360 337.733790 15.399120 0.020000
805011211144121856 337.743020 21.029710 0.020000
1409241071204136704 337.811200 7.749650 0.020000
1009121011214116864 337.826390 1.087750 0.020000
909111181164120064 337.899940 18.129640 0.020000
1109230231114129664 337.938080 -23.546150 0.020000
1111280151174112128 338.059000 -16.193790 0.020000
1005201181164141312 338.140240 18.843350 0.020000
811071291074150656 338.147670 30.684720 0.020000
1209130011214144768 338.242250 -0.215190 0.020000
1511031321044123648 338.252050 31.882740 0.020000
