1109201210794130176 232.598520 22.112840 0.020000
1004091010834118784 232.656520 0.878310 0.020000
1503201290744101888 232.836510 28.319470 0.020000
1201270040834130432 232.867860 -4.350730 0.020000
803050090834146176 232.955270 -9.275900 0.020000
804011150814123264 232.961660 15.413010 0.020000
1605271380674109696 232.964350 37.413220 0.020000
1605131350694112256 233.263170 34.635930 0.020000
1106111260764139648 233.323250 27.574450 0.020000
1105061230774132096 233.388980 24.617480 0.020000
1106071400654101632 233.463670 39.581590 0.020000
1505211320724122112 233.491380 32.574940 0.020000
804091210794129024 233.545930 21.445440 0.020000
1006160040844142336 233.570500 -3.927620 0.020000
1503251010844136448 233.610520 2.279230 0.020000
1204171010844154624 233.611470 2.279350 0.020000
1004101290744110848 233.634500 28.796090 0.020000
1506121010844147200 233.665450 2.200500 0.020000
1602141460594110464 233.676300 45.821490 0.020000
1005311010844137344 233.697540 2.097130 0.020000
