1301031490264148736 108.493520 49.885540 0.020000
1301101400304128256 108.611750 40.680850 0.020000
912161350334131328 108.915580 35.241240 0.020000
1610231570224126208 108.970440 58.017990 0.020000
1501201400304154112 109.106560 41.478710 0.020000
810021350334149504 109.198580 35.721040 0.020000
1011021460284108672 109.315600 45.384350 0.020000
1305191350334137856 109.626540 35.773770 0.020000
1001151320344156288 109.830890 33.119250 0.020000
911111350334136704 109.835740 35.353190 0.020000
901281290354135808 109.850290 29.395170 0.020000
1610301230374170624 109.939390 25.114040 0.020000
1301211320344144640 109.942110 32.759330 0.020000
911161520254139264 110.006760 52.572550 0.020000
1111241660174140672 110.435290 66.643910 0.020000
901281260364122240 110.544380 26.048500 0.020000
1109301460284140416 110.579170 46.817680 0.020000
904011290354105984 110.670140 28.504650 0.020000
1212101350334155008 110.739050 36.105720 0.020000
1511061520254101504 110.802900 50.835590 0.020000
