1504181290474134528 148.954060 30.474160 0.020000
1301071430404125952 148.988670 43.882920 0.020000
904300090534130432 149.096250 -9.604150 0.020000
1202221180514124032 149.143600 18.130960 0.020000
1511081600284115456 149.249740 60.298140 0.020000
1012011230494112512 149.322070 23.206630 0.020000
1303051380434105856 149.358740 37.086090 0.020000
1401091260494139392 149.368140 27.705850 0.020000
1402181120534116864 149.412990 12.554940 0.020000
1603110120534113792 149.448640 -13.328120 0.020000
1411261090534103296 149.489450 8.689180 0.020000
1102070150524120960 149.495870 -16.016980 0.020000
1101131210514104192 149.500000 19.950820 0.020000
1411281600284126720 149.525400 61.043830 0.020000
1501201400424126464 149.614950 41.193020 0.020000
1110301180524111872 149.623930 17.459760 0.020000
1101140090534107904 149.625550 -10.887610 0.020000
1405051260494137344 149.649730 28.181770 0.020000
1301051350454137088 149.654300 36.215840 0.020000
912171430404106880 149.680000 42.804970 0.020000
