712161120654120832 185.286490 12.909520 0.020000
1303231460474127872 185.309000 47.497890 0.020000
1203301090664128768 185.313650 10.143040 0.020000
1302231090664121344 185.313730 10.143180 0.020000
1301091090664134144 185.313750 10.143130 0.020000
1412230010664130816 185.338360 -0.404920 0.020000
1304121230614134784 185.369320 25.268450 0.020000
1404241180644119552 185.373740 18.307590 0.020000
1303161320574115840 185.380010 31.998780 0.020000
1601161290594108416 185.381730 28.905030 0.020000
1201251320574108416 185.382480 31.513260 0.020000
1203291290594112768 185.382730 28.905300 0.020000
1304151090664123904 185.440820 9.862660 0.020000
1412230040664120832 185.454710 -3.969020 0.020000
812301040664126080 185.507200 4.479990 0.020000
1105041380544116736 185.616270 37.827640 0.020000
1403261290594104320 185.738740 28.498570 0.020000
1203151320574115072 185.793180 31.916720 0.020000
1002151230614117888 185.794760 23.615250 0.020000
1306140090664120064 185.838710 -9.693570 0.020000
