1007041231134130816 343.814000 24.169780 0.020000
1606160041234104064 343.994980 -5.380750 0.020000
1011151380994140672 344.167570 38.178840 0.020000
1210110261114108160 344.199400 -27.723720 0.020000
1201021380994107136 344.430530 37.052140 0.020000
1209171181184108800 344.442580 17.406650 0.020000
1309250091224135168 344.574380 -9.112360 0.020000
1109181011234130560 344.584580 2.291630 0.020000
908161041234115712 344.646300 3.790910 0.020000
909281091224142336 344.681160 11.153240 0.020000
1411231261124154368 344.837340 27.929770 0.020000
1109191091224136192 344.890240 10.608650 0.020000
1010290121214102144 344.895160 -13.994390 0.020000
1609041011234131200 344.914660 2.149720 0.020000
1210051041234102528 345.093200 2.899240 0.020000
1310251400954170112 345.104630 41.521910 0.020000
1411240011234121984 345.160300 -1.297190 0.020000
1609251321064256768 345.245200 33.790440 0.020000
1401070011234113024 345.283330 -1.967980 0.020000
809231231144103040 345.314180 22.686470 0.020000
