1000721 36.002740 1.878473 0.020000
1000722 36.036900 26.702853 0.020000
1000723 36.047700 36.021843 0.020000
1000724 36.063980 41.262223 0.020000
1000725 36.064030 -15.819897 0.020000
1000726 36.093660 21.257723 0.020000
1000727 36.151810 37.372613 0.020000
1000728 36.322110 -7.170107 0.020000
1000729 36.427240 15.486763 0.020000
1000730 36.476500 10.419743 0.020000
1000731 36.479230 37.601433 0.020000
1000732 36.534750 28.312283 0.020000
1000733 36.536850 36.614773 0.020000
1000734 36.596990 27.692883 0.020000
1000735 36.634700 21.148283 0.020000
1000736 36.642690 9.678993 0.020000
1000737 36.698200 15.460793 0.020000
1000738 36.747410 1.801003 0.020000
1000739 36.819090 2.066713 0.020000
1000740 37.041270 3.212393 0.020000
