1002141 148.227640 38.898863 0.020000
1002142 148.320010 31.393313 0.020000
1002143 148.337620 20.489203 0.020000
1002144 148.387040 51.285303 0.020000
1002145 148.444090 -1.724057 0.020000
1002146 148.449580 24.447683 0.020000
1002147 148.535920 10.023593 0.020000
1002148 148.585810 -1.194297 0.020000
1002149 148.609880 45.002993 0.020000
1002150 148.649920 4.969933 0.020000
1002151 148.668120 19.220203 0.020000
1002152 148.747720 7.766593 0.020000
1002153 148.784270 6.842073 0.020000
1002154 148.801140 17.747703 0.020000
1002155 148.807730 30.741353 0.020000
1002156 148.857110 -1.439247 0.020000
1002157 148.902800 10.664593 0.020000
1002158 148.920270 -1.967897 0.020000
1002159 148.930710 32.098983 0.020000
1002160 148.954060 30.507493 0.020000
