1000041 2.992820 31.962233 0.020000
1000042 3.022680 38.546853 0.020000
1000043 3.140120 37.870353 0.020000
1000044 3.247750 14.722573 0.020000
1000045 3.294280 21.385573 0.020000
1000046 3.356790 -7.101927 0.020000
1000047 3.414910 33.389863 0.020000
1000048 3.419280 8.938263 0.020000
1000049 3.477800 36.762683 0.020000
1000050 3.550640 -13.153547 0.020000
1000051 3.709990 -8.606607 0.020000
1000052 3.711080 -8.606647 0.020000
1000053 3.909430 26.649113 0.020000
1000054 3.913080 27.247223 0.020000
1000055 4.045830 15.649393 0.020000
1000056 4.104460 11.567353 0.020000
1000057 4.110700 22.469463 0.020000
1000058 4.126140 8.728573 0.020000
1000059 4.126220 8.728853 0.020000
1000060 4.153680 18.970893 0.020000
