1004601 246.849800 46.227763 0.020000
1004602 247.025700 6.920973 0.020000
1004603 247.101490 36.807843 0.020000
1004604 247.128670 24.083133 0.020000
1004605 247.156590 47.602803 0.020000
1004606 247.217100 26.408063 0.020000
1004607 247.442030 8.675163 0.020000
1004608 247.646110 -13.673517 0.020000
1004609 247.745230 11.757553 0.020000
1004610 247.769340 37.382083 0.020000
1004611 247.837060 10.559413 0.020000
1004612 247.890880 -24.046527 0.020000
1004613 247.910300 -21.939297 0.020000
1004614 248.122260 6.456813 0.020000
1004615 248.163640 35.218873 0.020000
1004616 248.297270 -1.158787 0.020000
1004617 248.324680 11.784683 0.020000
1004618 248.381850 -2.036227 0.020000
1004619 248.430530 29.725393 0.020000
1004620 248.560280 9.786413 0.020000
