1005381 347.552970 30.611833 0.020000
1005382 347.604400 38.043623 0.020000
1005383 347.640730 -4.849667 0.020000
1005384 347.762980 20.472103 0.020000
1005385 347.772110 34.452983 0.020000
1005386 347.784170 17.681933 0.020000
1005387 347.794080 2.059073 0.020000
1005388 347.794220 2.059223 0.020000
1005389 347.928220 20.710003 0.020000
1005390 347.941090 26.113213 0.020000
1005391 347.985320 -5.440617 0.020000
1005392 348.136800 9.524963 0.020000
1005393 348.292780 29.224703 0.020000
1005394 348.335800 -11.072707 0.020000
1005395 348.363410 26.472783 0.020000
1005396 348.701350 2.190903 0.020000
1005397 348.733500 8.944333 0.020000
1005398 348.937260 14.179893 0.020000
1005399 348.968000 27.210223 0.020000
1005400 348.977670 22.858933 0.020000
