1001521 105.152790 31.988913 0.020000
1001522 105.152920 31.988633 0.020000
1001523 105.216870 31.992993 0.020000
1001524 105.453820 40.030883 0.020000
1001525 105.702990 36.280083 0.020000
1001526 105.863620 32.101843 0.020000
1001527 106.197240 41.455013 0.020000
1001528 106.254410 37.451443 0.020000
1001529 106.323190 42.130203 0.020000
1001530 106.676300 32.382963 0.020000
1001531 106.788420 33.916783 0.020000
1001532 107.093690 60.927563 0.020000
1001533 107.231840 33.719303 0.020000
1001534 107.468410 49.139123 0.020000
1001535 107.670440 44.269463 0.020000
1001536 107.825390 36.486353 0.020000
1001537 107.858280 44.101393 0.020000
1001538 108.268890 57.669363 0.020000
1001539 108.426210 40.507333 0.020000
1001540 108.493520 49.918873 0.020000
