1005501 354.593850 -20.797797 0.020000
1005502 354.681700 -6.403147 0.020000
1005503 354.702790 28.365283 0.020000
1005504 354.708030 28.298393 0.020000
1005505 354.775820 -15.141747 0.020000
1005506 354.795830 16.039273 0.020000
1005507 354.914630 -21.672637 0.020000
1005508 355.184570 -0.318267 0.020000
1005509 355.273740 3.489993 0.020000
1005510 355.339730 6.071773 0.020000
1005511 355.399890 12.257603 0.020000
1005512 355.467330 -8.604487 0.020000
1005513 355.511480 -4.484837 0.020000
1005514 355.542630 3.075283 0.020000
1005515 355.676410 34.258553 0.020000
1005516 355.686870 43.996563 0.020000
1005517 355.824720 -24.162447 0.020000
1005518 355.825210 -24.163167 0.020000
1005519 355.826300 -24.164837 0.020000
1005520 355.828420 1.248303 0.020000
