1000381 19.477640 21.255653 0.020000
1000382 19.523320 27.223813 0.020000
1000383 19.604810 17.272193 0.020000
1000384 19.682490 25.019213 0.020000
1000385 19.696560 -26.830787 0.020000
1000386 19.698810 10.753343 0.020000
1000387 19.738580 -21.658347 0.020000
1000388 19.925930 30.447013 0.020000
1000389 19.949740 -24.240137 0.020000
1000390 20.053530 26.211183 0.020000
1000391 20.248440 32.962443 0.020000
1000392 20.258400 14.492633 0.020000
1000393 20.341940 -17.806937 0.020000
1000394 20.365950 9.805313 0.020000
1000395 20.377070 1.605583 0.020000
1000396 20.378360 19.912303 0.020000
1000397 20.386660 29.720643 0.020000
1000398 20.404220 -1.024947 0.020000
1000399 20.502250 -8.530427 0.020000
1000400 20.672940 18.315213 0.020000
