1000161 9.300570 40.684693 0.020000
1000162 9.344770 12.535923 0.020000
1000163 9.348630 6.528713 0.020000
1000164 9.424490 1.796383 0.020000
1000165 9.504300 -0.207037 0.020000
1000166 9.507220 -13.827687 0.020000
1000167 9.652100 39.698223 0.020000
1000168 9.657730 -1.839527 0.020000
1000169 9.692520 19.146573 0.020000
1000170 9.726740 18.907183 0.020000
1000171 9.728500 18.974113 0.020000
1000172 9.751220 19.265513 0.020000
1000173 9.824970 3.983363 0.020000
1000174 9.913380 -7.237627 0.020000
1000175 9.986200 37.066553 0.020000
1000176 10.020690 -6.571247 0.020000
1000177 10.062510 43.130343 0.020000
1000178 10.140450 4.007733 0.020000
1000179 10.142200 3.574763 0.020000
1000180 10.274880 41.340333 0.020000
