1002901 177.195200 45.412443 0.020000
1002902 177.196170 45.411943 0.020000
1002903 177.259040 18.650633 0.020000
1002904 177.293390 34.447903 0.020000
1002905 177.305670 55.953543 0.020000
1002906 177.305880 38.440723 0.020000
1002907 177.323360 -18.353647 0.020000
1002908 177.371630 8.608803 0.020000
1002909 177.438430 4.998273 0.020000
1002910 177.440290 15.477863 0.020000
1002911 177.506250 9.070713 0.020000
1002912 177.526670 25.085063 0.020000
1002913 177.526920 24.098233 0.020000
1002914 177.527480 24.098923 0.020000
1002915 177.619150 22.645563 0.020000
1002916 177.648000 21.075253 0.020000
1002917 177.677770 4.831273 0.020000
1002918 177.686000 8.064343 0.020000
1002919 177.727000 2.340503 0.020000
1002920 177.765240 8.013513 0.020000
