1000001 0.043230 -21.887537 0.020000
1000002 0.102800 33.461943 0.020000
1000003 0.376950 5.139903 0.020000
1000004 0.384740 21.260133 0.020000
1000005 0.482050 6.909983 0.020000
1000006 0.711020 10.434113 0.020000
1000007 0.722170 -27.988637 0.020000
1000008 0.722280 -27.988737 0.020000
1000009 0.736310 32.581273 0.020000
1000010 1.337470 26.854373 0.020000
1000011 1.391760 20.056463 0.020000
1000012 1.454490 9.885743 0.020000
1000013 1.473320 8.463433 0.020000
1000014 1.748300 19.504933 0.020000
1000015 1.807090 -16.264617 0.020000
1000016 1.817130 -16.071577 0.020000
1000017 1.831330 31.911733 0.020000
1000018 1.836430 20.156023 0.020000
1000019 1.866470 29.272323 0.020000
1000020 1.867830 29.271803 0.020000
