1004781 259.341790 41.100053 0.020000
1004782 259.533460 13.351873 0.020000
1004783 259.569410 20.708783 0.020000
1004784 259.577040 29.628873 0.020000
1004785 259.652190 41.715963 0.020000
1004786 259.838590 64.086123 0.020000
1004787 259.909530 -0.991677 0.020000
1004788 259.991240 20.076713 0.020000
1004789 260.000530 24.964273 0.020000
1004790 260.008100 23.780923 0.020000
1004791 260.158360 13.507723 0.020000
1004792 260.161140 18.667213 0.020000
1004793 260.196360 49.284283 0.020000
1004794 260.235950 7.842783 0.020000
1004795 260.254910 33.774203 0.020000
1004796 260.257110 33.773483 0.020000
1004797 260.258010 33.773563 0.020000
1004798 260.258870 33.772953 0.020000
1004799 260.260380 27.583693 0.020000
1004800 260.453580 -5.253687 0.020000
