1005121 328.953990 -11.331017 0.020000
1005122 329.029440 25.728033 0.020000
1005123 329.101030 19.144873 0.020000
1005124 329.126070 -19.066927 0.020000
1005125 329.126900 -3.299027 0.020000
1005126 329.151350 19.578313 0.020000
1005127 329.234700 -1.867147 0.020000
1005128 329.235510 -1.866787 0.020000
1005129 329.291280 5.979753 0.020000
1005130 329.563730 9.819233 0.020000
1005131 329.672810 -9.663867 0.020000
1005132 329.701990 18.450043 0.020000
1005133 329.767190 18.219623 0.020000
1005134 329.771340 4.143853 0.020000
1005135 329.897870 12.095373 0.020000
1005136 330.077200 25.797453 0.020000
1005137 330.130130 3.608473 0.020000
1005138 330.148430 -14.304107 0.020000
1005139 330.176100 -8.228337 0.020000
1005140 330.325750 17.979653 0.020000
