1005341 345.379540 4.104753 0.020000
1005342 345.400350 9.938553 0.020000
1005343 345.473070 -3.613507 0.020000
1005344 345.511800 2.562073 0.020000
1005345 345.595900 9.488193 0.020000
1005346 345.621590 -4.811917 0.020000
1005347 345.671040 -9.965007 0.020000
1005348 345.698210 8.835743 0.020000
1005349 345.788740 40.135483 0.020000
1005350 345.924050 17.331943 0.020000
1005351 345.965170 1.147593 0.020000
1005352 346.107930 6.462783 0.020000
1005353 346.263170 3.952803 0.020000
1005354 346.364380 7.807683 0.020000
1005355 346.453960 3.555833 0.020000
1005356 346.536470 -5.867507 0.020000
1005357 346.556690 0.726503 0.020000
1005358 346.583460 9.710453 0.020000
1005359 346.625880 -5.010017 0.020000
1005360 346.626710 -5.010367 0.020000
