1000181 10.353560 27.297153 0.020000
1000182 10.391480 20.379553 0.020000
1000183 10.475250 41.561313 0.020000
1000184 10.631920 2.325443 0.020000
1000185 10.640930 15.329383 0.020000
1000186 10.648360 -3.021497 0.020000
1000187 10.684780 13.507363 0.020000
1000188 10.709920 21.055343 0.020000
1000189 10.760380 -7.025187 0.020000
1000190 10.773200 10.106263 0.020000
1000191 10.773370 37.092353 0.020000
1000192 10.822560 15.788963 0.020000
1000193 10.897820 28.473843 0.020000
1000194 10.957850 41.268013 0.020000
1000195 10.979090 5.388383 0.020000
1000196 11.018630 -15.911507 0.020000
1000197 11.022670 24.100283 0.020000
1000198 11.048640 23.773723 0.020000
1000199 11.070040 41.348273 0.020000
1000200 11.088830 40.956103 0.020000
