1004101 221.850460 -17.672627 0.020000
1004102 221.851310 -17.672307 0.020000
1004103 221.861490 5.931503 0.020000
1004104 221.914790 51.717973 0.020000
1004105 221.934620 32.168843 0.020000
1004106 222.032130 4.320543 0.020000
1004107 222.069560 17.243223 0.020000
1004108 222.082320 55.324853 0.020000
1004109 222.179950 22.481213 0.020000
1004110 222.292020 29.452893 0.020000
1004111 222.461040 44.575533 0.020000
1004112 222.522110 34.883033 0.020000
1004113 222.581120 -21.403817 0.020000
1004114 222.619120 -8.617207 0.020000
1004115 222.619340 -8.616377 0.020000
1004116 222.619380 -8.615447 0.020000
1004117 222.629920 9.207753 0.020000
1004118 222.660020 64.091383 0.020000
1004119 222.689950 17.017933 0.020000
1004120 222.696190 -7.265637 0.020000
