1003821 210.334320 27.903043 0.020000
1003822 210.339960 16.317983 0.020000
1003823 210.421730 -2.408107 0.020000
1003824 210.457660 20.603343 0.020000
1003825 210.512950 46.259443 0.020000
1003826 210.567710 -11.319027 0.020000
1003827 210.581290 -14.153787 0.020000
1003828 210.610290 -22.033737 0.020000
1003829 210.742510 6.524433 0.020000
1003830 210.838410 30.165383 0.020000
1003831 210.839380 30.165423 0.020000
1003832 210.845580 51.198843 0.020000
1003833 210.877860 32.627303 0.020000
1003834 210.891470 40.251903 0.020000
1003835 210.911720 48.894423 0.020000
1003836 210.969450 39.073353 0.020000
1003837 210.996230 12.062793 0.020000
1003838 211.108490 51.771323 0.020000
1003839 211.145530 25.316963 0.020000
1003840 211.223250 24.449853 0.020000
