1000781 39.468280 28.835743 0.020000
1000782 39.497130 1.541463 0.020000
1000783 39.582810 15.589773 0.020000
1000784 39.596300 9.830153 0.020000
1000785 39.662210 16.649983 0.020000
1000786 39.662940 35.980093 0.020000
1000787 39.764310 17.431303 0.020000
1000788 39.781480 11.684603 0.020000
1000789 39.836560 12.481623 0.020000
1000790 39.939470 -2.544617 0.020000
1000791 39.988990 -8.490077 0.020000
1000792 40.007800 -2.689337 0.020000
1000793 40.025160 23.982443 0.020000
1000794 40.136800 14.466533 0.020000
1000795 40.170650 -7.119517 0.020000
1000796 40.273810 -3.603777 0.020000
1000797 40.291680 -20.991457 0.020000
1000798 40.567190 35.713093 0.020000
1000799 40.629710 8.457733 0.020000
1000800 40.652100 -14.736097 0.020000
