1003781 208.775570 12.698573 0.020000
1003782 208.776910 20.337153 0.020000
1003783 208.807670 1.588493 0.020000
1003784 208.881400 -2.466807 0.020000
1003785 208.919330 28.450823 0.020000
1003786 208.947640 21.224073 0.020000
1003787 208.953020 9.564673 0.020000
1003788 208.985170 24.880973 0.020000
1003789 208.986150 24.881933 0.020000
1003790 209.007440 -23.715437 0.020000
1003791 209.028510 23.288953 0.020000
1003792 209.131430 20.543883 0.020000
1003793 209.147020 4.814523 0.020000
1003794 209.176790 61.540353 0.020000
1003795 209.212700 34.165513 0.020000
1003796 209.277370 -14.207967 0.020000
1003797 209.316850 4.442213 0.020000
1003798 209.320100 -9.510687 0.020000
1003799 209.336200 -4.805217 0.020000
1003800 209.454490 28.201873 0.020000
