1002661 167.918870 54.018313 0.020000
1002662 167.969220 30.563573 0.020000
1002663 167.993120 29.734873 0.020000
1002664 168.014970 17.066343 0.020000
1002665 168.149300 0.503843 0.020000
1002666 168.274180 5.375583 0.020000
1002667 168.455670 30.371543 0.020000
1002668 168.514630 30.764773 0.020000
1002669 168.594330 29.747693 0.020000
1002670 168.641210 27.110723 0.020000
1002671 168.665260 -2.758817 0.020000
1002672 168.671710 11.285173 0.020000
1002673 168.750850 -7.637747 0.020000
1002674 168.788760 34.476303 0.020000
1002675 168.797690 38.162823 0.020000
1002676 168.816460 -6.365457 0.020000
1002677 168.971030 6.737323 0.020000
1002678 169.031680 19.136173 0.020000
1002679 169.039800 -1.641947 0.020000
1002680 169.126220 46.145483 0.020000
