1002401 158.854810 32.233923 0.020000
1002402 158.873360 34.606353 0.020000
1002403 158.950510 21.871313 0.020000
1002404 158.951000 39.041083 0.020000
1002405 158.958260 15.002093 0.020000
1002406 158.962490 41.199823 0.020000
1002407 158.981210 39.940463 0.020000
1002408 159.004330 10.742883 0.020000
1002409 159.008740 -14.672687 0.020000
1002410 159.035750 49.747463 0.020000
1002411 159.274830 39.747253 0.020000
1002412 159.319730 -2.565577 0.020000
1002413 159.319850 54.617293 0.020000
1002414 159.339140 36.222963 0.020000
1002415 159.360680 2.142133 0.020000
1002416 159.366260 30.217213 0.020000
1002417 159.366950 30.217803 0.020000
1002418 159.399310 35.214513 0.020000
1002419 159.411030 12.747273 0.020000
1002420 159.423160 33.348173 0.020000
