1000321 16.841570 23.995333 0.020000
1000322 16.895320 14.202503 0.020000
1000323 16.954270 34.243243 0.020000
1000324 16.955240 34.243493 0.020000
1000325 16.956640 34.243923 0.020000
1000326 16.957410 32.432603 0.020000
1000327 16.971770 4.854893 0.020000
1000328 17.003210 21.902293 0.020000
1000329 17.087180 -15.402357 0.020000
1000330 17.088780 -16.697017 0.020000
1000331 17.326340 17.830403 0.020000
1000332 17.345560 29.858893 0.020000
1000333 17.380650 -10.184807 0.020000
1000334 17.426290 6.441333 0.020000
1000335 17.442480 -27.723297 0.020000
1000336 17.444770 13.341373 0.020000
1000337 17.447510 22.286883 0.020000
1000338 17.495210 5.289163 0.020000
1000339 17.678830 -10.512037 0.020000
1000340 17.746690 20.889603 0.020000
