1003361 194.457990 38.030973 0.020000
1003362 194.488480 32.524883 0.020000
1003363 194.504330 3.925943 0.020000
1003364 194.538840 35.362053 0.020000
1003365 194.588940 22.878343 0.020000
1003366 194.601060 47.632663 0.020000
1003367 194.635100 62.976353 0.020000
1003368 194.667050 65.821183 0.020000
1003369 194.704400 0.858513 0.020000
1003370 194.710620 24.415953 0.020000
1003371 194.774080 24.476223 0.020000
1003372 194.785640 8.081093 0.020000
1003373 194.809920 40.720543 0.020000
1003374 194.811370 28.358533 0.020000
1003375 194.816040 27.311463 0.020000
1003376 194.850050 28.029873 0.020000
1003377 194.911300 32.350943 0.020000
1003378 194.943940 38.192543 0.020000
1003379 194.984200 3.442653 0.020000
1003380 194.986640 45.844673 0.020000
