1005481 353.698150 -12.810637 0.020000
1005482 353.700840 24.783763 0.020000
1005483 353.718030 27.391233 0.020000
1005484 353.783100 -16.335697 0.020000
1005485 353.796400 -2.358807 0.020000
1005486 353.797070 -2.359427 0.020000
1005487 353.824190 -8.619807 0.020000
1005488 353.941190 -4.388887 0.020000
1005489 353.941460 12.613443 0.020000
1005490 354.108160 -12.568817 0.020000
1005491 354.207020 -10.956977 0.020000
1005492 354.220130 1.197413 0.020000
1005493 354.221220 1.197403 0.020000
1005494 354.246010 -7.227977 0.020000
1005495 354.440590 14.743633 0.020000
1005496 354.500310 7.344723 0.020000
1005497 354.530670 -9.789177 0.020000
1005498 354.531370 -11.506227 0.020000
1005499 354.577630 -11.981727 0.020000
1005500 354.589320 -15.843967 0.020000
