1004161 224.359210 23.430043 0.020000
1004162 224.362430 5.300963 0.020000
1004163 224.406860 34.910283 0.020000
1004164 224.436490 40.761273 0.020000
1004165 224.455220 -24.649777 0.020000
1004166 224.498000 29.182433 0.020000
1004167 224.533290 2.467593 0.020000
1004168 224.676700 -26.942977 0.020000
1004169 224.714960 -15.782447 0.020000
1004170 224.735470 65.935653 0.020000
1004171 224.758080 42.050383 0.020000
1004172 224.788560 7.334503 0.020000
1004173 224.805970 11.548323 0.020000
1004174 224.841010 35.834973 0.020000
1004175 224.912510 -17.235747 0.020000
1004176 224.925380 4.119003 0.020000
1004177 224.993630 23.987843 0.020000
1004178 225.003820 40.402123 0.020000
1004179 225.009130 36.038233 0.020000
1004180 225.009760 36.039023 0.020000
