1002441 160.314320 37.589663 0.020000
1002442 160.338830 56.624543 0.020000
1002443 160.343550 21.541163 0.020000
1002444 160.343660 21.540993 0.020000
1002445 160.348500 14.787983 0.020000
1002446 160.391010 34.154673 0.020000
1002447 160.449960 -1.755907 0.020000
1002448 160.456970 31.818833 0.020000
1002449 160.460480 -11.837277 0.020000
1002450 160.472490 48.592473 0.020000
1002451 160.483010 -12.962857 0.020000
1002452 160.489020 18.524793 0.020000
1002453 160.528660 38.196213 0.020000
1002454 160.570350 22.655063 0.020000
1002455 160.595700 40.023653 0.020000
1002456 160.698690 6.289363 0.020000
1002457 160.735750 1.675343 0.020000
1002458 160.753010 -9.176427 0.020000
1002459 160.754100 -9.176677 0.020000
1002460 160.754940 -9.176807 0.020000
