1000081 5.177940 10.378923 0.020000
1000082 5.191600 6.968103 0.020000
1000083 5.217550 33.693183 0.020000
1000084 5.464140 -16.501047 0.020000
1000085 5.478970 -8.949537 0.020000
1000086 5.635210 6.168003 0.020000
1000087 5.726140 13.906223 0.020000
1000088 5.800880 -3.060317 0.020000
1000089 5.874660 2.983513 0.020000
1000090 5.881890 42.315603 0.020000
1000091 5.882700 4.751863 0.020000
1000092 5.905470 9.138883 0.020000
1000093 6.130710 36.625983 0.020000
1000094 6.162360 5.948573 0.020000
1000095 6.250750 7.597133 0.020000
1000096 6.254510 -20.686787 0.020000
1000097 6.477230 43.156013 0.020000
1000098 6.550190 8.703123 0.020000
1000099 6.599400 16.540933 0.020000
1000100 6.654400 24.521093 0.020000
