1000241 12.925540 27.134923 0.020000
1000242 12.941820 -0.577167 0.020000
1000243 12.967780 20.726123 0.020000
1000244 12.970350 20.704843 0.020000
1000245 12.972900 37.872193 0.020000
1000246 12.990580 37.887223 0.020000
1000247 13.081170 1.643053 0.020000
1000248 13.163200 20.691683 0.020000
1000249 13.422570 18.124773 0.020000
1000250 13.434800 -4.951607 0.020000
1000251 13.447250 40.963473 0.020000
1000252 13.449110 -10.422327 0.020000
1000253 13.771310 -2.726517 0.020000
1000254 13.791800 -10.283007 0.020000
1000255 13.801980 10.326693 0.020000
1000256 13.846110 -3.790717 0.020000
1000257 13.853540 -10.243847 0.020000
1000258 13.878190 -9.857277 0.020000
1000259 13.937490 -21.185967 0.020000
1000260 13.938600 -21.186127 0.020000
