1000401 20.801110 12.171663 0.020000
1000402 20.968420 2.949733 0.020000
1000403 20.969830 -4.899447 0.020000
1000404 21.019710 -20.335347 0.020000
1000405 21.027940 23.218743 0.020000
1000406 21.042820 3.226653 0.020000
1000407 21.093110 40.432273 0.020000
1000408 21.194600 -10.062637 0.020000
1000409 21.224850 -26.127257 0.020000
1000410 21.345990 -18.138947 0.020000
1000411 21.347550 -9.261507 0.020000
1000412 21.378320 7.080943 0.020000
1000413 21.414040 32.419023 0.020000
1000414 21.415830 -5.200287 0.020000
1000415 21.466310 4.546163 0.020000
1000416 21.551540 11.537653 0.020000
1000417 21.563670 17.835483 0.020000
1000418 21.570530 25.638693 0.020000
1000419 21.630320 38.560583 0.020000
1000420 21.730380 -2.314607 0.020000
