1003421 196.058800 -10.286907 0.020000
1003422 196.061200 -5.727727 0.020000
1003423 196.062160 30.200593 0.020000
1003424 196.158430 1.495023 0.020000
1003425 196.165320 -7.775817 0.020000
1003426 196.171120 31.915733 0.020000
1003427 196.188400 -2.181257 0.020000
1003428 196.289240 21.347973 0.020000
1003429 196.311600 58.515413 0.020000
1003430 196.313840 34.757713 0.020000
1003431 196.450550 32.459433 0.020000
1003432 196.478950 11.509113 0.020000
1003433 196.660960 26.504233 0.020000
1003434 196.702040 2.016453 0.020000
1003435 196.710190 15.609043 0.020000
1003436 196.777880 -1.145567 0.020000
1003437 196.781090 33.684963 0.020000
1003438 196.936020 6.168043 0.020000
1003439 196.955420 24.375333 0.020000
1003440 196.979730 -20.407827 0.020000
