1002321 155.375640 20.035393 0.020000
1002322 155.452540 41.773733 0.020000
1002323 155.493040 34.017123 0.020000
1002324 155.574850 6.700273 0.020000
1002325 155.682190 37.153913 0.020000
1002326 155.686060 2.331253 0.020000
1002327 155.694050 58.459463 0.020000
1002328 155.694780 -7.452587 0.020000
1002329 155.695560 58.460193 0.020000
1002330 155.759370 42.908833 0.020000
1002331 155.820810 42.823003 0.020000
1002332 155.834520 44.119433 0.020000
1002333 155.850410 28.980823 0.020000
1002334 155.857370 16.990803 0.020000
1002335 155.862940 14.830093 0.020000
1002336 155.934750 1.413733 0.020000
1002337 155.948470 33.846523 0.020000
1002338 155.950380 20.427373 0.020000
1002339 155.953200 26.536973 0.020000
1002340 156.093650 -2.538087 0.020000
