1003941 215.215120 36.988843 0.020000
1003942 215.230820 47.741953 0.020000
1003943 215.247520 15.195273 0.020000
1003944 215.313040 61.604423 0.020000
1003945 215.362000 35.475543 0.020000
1003946 215.363930 -17.479477 0.020000
1003947 215.380990 41.472023 0.020000
1003948 215.412240 26.992083 0.020000
1003949 215.477630 26.050563 0.020000
1003950 215.524050 33.796133 0.020000
1003951 215.606790 46.653943 0.020000
1003952 215.741140 -6.647287 0.020000
1003953 215.830340 -4.984067 0.020000
1003954 215.850050 4.930023 0.020000
1003955 215.865440 21.051473 0.020000
1003956 215.931360 12.451883 0.020000
1003957 215.956680 16.688643 0.020000
1003958 216.025130 7.802853 0.020000
1003959 216.028370 6.610843 0.020000
1003960 216.040010 16.024513 0.020000
