1003141 186.644710 35.252693 0.020000
1003142 186.753940 -2.945127 0.020000
1003143 186.775540 7.533643 0.020000
1003144 186.863340 8.983863 0.020000
1003145 186.866860 -11.508037 0.020000
1003146 186.901580 4.197083 0.020000
1003147 186.920360 51.690373 0.020000
1003148 186.926630 39.856153 0.020000
1003149 186.965620 26.466283 0.020000
1003150 186.983010 22.846043 0.020000
1003151 186.986540 62.526243 0.020000
1003152 187.060130 33.798883 0.020000
1003153 187.299650 53.585753 0.020000
1003154 187.301220 53.585713 0.020000
1003155 187.301530 53.579763 0.020000
1003156 187.406240 32.592633 0.020000
1003157 187.437410 29.900463 0.020000
1003158 187.440090 -4.329457 0.020000
1003159 187.440380 36.008203 0.020000
1003160 187.465110 -8.119877 0.020000
