1004481 239.657600 6.808733 0.020000
1004482 239.719670 58.349823 0.020000
1004483 239.720620 58.350513 0.020000
1004484 239.830510 -7.704987 0.020000
1004485 239.917330 35.454823 0.020000
1004486 240.015460 33.220523 0.020000
1004487 240.287140 34.878213 0.020000
1004488 240.439680 32.615903 0.020000
1004489 240.520000 3.308823 0.020000
1004490 240.633970 16.325693 0.020000
1004491 240.689230 2.718323 0.020000
1004492 240.885800 23.146883 0.020000
1004493 240.942010 19.627763 0.020000
1004494 240.943270 27.495063 0.020000
1004495 241.044020 14.971723 0.020000
1004496 241.079340 16.296943 0.020000
1004497 241.081440 39.503513 0.020000
1004498 241.210650 -15.362887 0.020000
1004499 241.348040 -16.109507 0.020000
1004500 241.350580 6.171063 0.020000
