1002101 145.859250 25.206093 0.020000
1002102 145.935970 -17.750937 0.020000
1002103 146.005890 25.289833 0.020000
1002104 146.196140 8.560283 0.020000
1002105 146.257280 26.231613 0.020000
1002106 146.267650 38.590283 0.020000
1002107 146.295860 17.795783 0.020000
1002108 146.347010 7.291013 0.020000
1002109 146.348050 17.629053 0.020000
1002110 146.432370 41.160543 0.020000
1002111 146.486970 6.973423 0.020000
1002112 146.487000 6.973473 0.020000
1002113 146.528890 -0.900487 0.020000
1002114 146.553530 19.874493 0.020000
1002115 146.614390 -13.104397 0.020000
1002116 146.625260 6.221873 0.020000
1002117 146.652380 44.812633 0.020000
1002118 146.737160 23.169383 0.020000
1002119 146.798630 33.107553 0.020000
1002120 146.910670 22.292833 0.020000
