1000281 15.369650 26.950853 0.020000
1000282 15.398210 17.134623 0.020000
1000283 15.403740 -23.606507 0.020000
1000284 15.423870 0.364473 0.020000
1000285 15.489500 -19.081177 0.020000
1000286 15.596920 20.589603 0.020000
1000287 15.641830 -3.681417 0.020000
1000288 15.674750 -21.839967 0.020000
1000289 15.681790 -19.429267 0.020000
1000290 15.704490 -0.708487 0.020000
1000291 15.715070 0.494393 0.020000
1000292 15.771670 -14.546667 0.020000
1000293 15.780780 -1.222887 0.020000
1000294 15.870790 33.339453 0.020000
1000295 16.027280 39.671543 0.020000
1000296 16.048360 -3.194847 0.020000
1000297 16.072140 19.400143 0.020000
1000298 16.111820 2.206383 0.020000
1000299 16.120380 -0.118557 0.020000
1000300 16.139400 -1.950457 0.020000
