1002021 141.436090 34.309953 0.020000
1002022 141.548670 53.192933 0.020000
1002023 141.549440 3.996513 0.020000
1002024 141.661210 36.434063 0.020000
1002025 141.661770 6.208293 0.020000
1002026 141.795410 16.196943 0.020000
1002027 141.818130 20.953183 0.020000
1002028 141.825880 12.910643 0.020000
1002029 141.909750 15.617383 0.020000
1002030 141.911490 28.824213 0.020000
1002031 141.925890 44.610143 0.020000
1002032 141.991000 3.189343 0.020000
1002033 142.006690 32.312193 0.020000
1002034 142.045870 46.775943 0.020000
1002035 142.067460 44.401433 0.020000
1002036 142.163860 1.029123 0.020000
1002037 142.227660 17.070473 0.020000
1002038 142.291060 26.001353 0.020000
1002039 142.291990 26.001543 0.020000
1002040 142.403070 15.928613 0.020000
