1002861 175.594320 -23.081327 0.020000
1002862 175.622990 16.363073 0.020000
1002863 175.727550 12.933303 0.020000
1002864 175.771320 37.905243 0.020000
1002865 175.776850 12.410223 0.020000
1002866 175.786960 19.474683 0.020000
1002867 175.803770 11.779943 0.020000
1002868 175.864490 21.561003 0.020000
1002869 175.907850 -6.884337 0.020000
1002870 176.122520 7.096203 0.020000
1002871 176.170910 11.682943 0.020000
1002872 176.186260 -20.494517 0.020000
1002873 176.199150 13.885873 0.020000
1002874 176.225700 11.474823 0.020000
1002875 176.232180 -5.045607 0.020000
1002876 176.232290 -17.910817 0.020000
1002877 176.239970 36.029713 0.020000
1002878 176.243170 9.372203 0.020000
1002879 176.293520 1.215703 0.020000
1002880 176.321770 -20.292987 0.020000
