1004201 225.829190 21.327583 0.020000
1004202 225.930930 8.186103 0.020000
1004203 225.936130 -13.355727 0.020000
1004204 225.974730 -22.086417 0.020000
1004205 225.999840 35.372893 0.020000
1004206 226.170820 14.804263 0.020000
1004207 226.188000 10.052093 0.020000
1004208 226.350150 3.009703 0.020000
1004209 226.375380 1.667303 0.020000
1004210 226.386860 24.578973 0.020000
1004211 226.393100 42.836153 0.020000
1004212 226.418350 34.935953 0.020000
1004213 226.447790 18.375933 0.020000
1004214 226.510570 41.459083 0.020000
1004215 226.569630 10.843033 0.020000
1004216 226.643350 -10.293477 0.020000
1004217 226.645080 21.887533 0.020000
1004218 226.669530 4.713323 0.020000
1004219 226.669640 24.353343 0.020000
1004220 226.697470 12.976393 0.020000
