1000121 7.366680 15.318633 0.020000
1000122 7.483510 -4.547417 0.020000
1000123 7.555660 -12.610177 0.020000
1000124 7.611470 18.178073 0.020000
1000125 7.648220 -10.755277 0.020000
1000126 7.651600 25.771933 0.020000
1000127 7.652710 16.664423 0.020000
1000128 7.668620 12.565663 0.020000
1000129 7.699660 3.817403 0.020000
1000130 7.732560 23.329433 0.020000
1000131 7.755770 20.128943 0.020000
1000132 7.755840 20.128863 0.020000
1000133 7.799810 -4.134867 0.020000
1000134 7.885180 10.502373 0.020000
1000135 8.015150 31.786233 0.020000
1000136 8.068740 -7.748157 0.020000
1000137 8.111660 -13.303107 0.020000
1000138 8.220350 3.511643 0.020000
1000139 8.261250 -6.635067 0.020000
1000140 8.263490 -17.288437 0.020000
