1001161 60.276010 18.588683 0.020000
1001162 60.285460 10.050773 0.020000
1001163 60.285710 10.050683 0.020000
1001164 60.288020 -24.479517 0.020000
1001165 60.322580 28.695073 0.020000
1001166 60.332830 4.259633 0.020000
1001167 60.403800 18.756903 0.020000
1001168 60.404070 18.755963 0.020000
1001169 60.420560 8.035493 0.020000
1001170 60.469520 -20.552687 0.020000
1001171 60.479400 -9.282037 0.020000
1001172 60.488940 3.989073 0.020000
1001173 60.624320 40.744943 0.020000
1001174 60.631400 28.412823 0.020000
1001175 60.740320 17.974093 0.020000
1001176 60.777310 4.770733 0.020000
1001177 60.909870 -10.795977 0.020000
1001178 60.911110 -5.105837 0.020000
1001179 60.946920 21.596883 0.020000
1001180 61.120810 20.083483 0.020000
