1003481 198.516860 7.703693 0.020000
1003482 198.608060 22.952593 0.020000
1003483 198.614940 38.865883 0.020000
1003484 198.615240 38.865953 0.020000
1003485 198.619430 48.810303 0.020000
1003486 198.632790 43.226073 0.020000
1003487 198.633810 44.727513 0.020000
1003488 198.659380 7.000153 0.020000
1003489 198.676300 8.810983 0.020000
1003490 198.720430 34.736893 0.020000
1003491 198.737560 31.228173 0.020000
1003492 198.760960 22.179433 0.020000
1003493 198.796480 53.315023 0.020000
1003494 198.809880 42.829693 0.020000
1003495 198.811650 -17.932087 0.020000
1003496 198.815620 14.454813 0.020000
1003497 198.826030 30.231013 0.020000
1003498 198.870680 -13.100687 0.020000
1003499 198.898060 -4.860097 0.020000
1003500 198.961970 15.669383 0.020000
