1005201 335.550140 -4.508017 0.020000
1005202 335.594100 21.012253 0.020000
1005203 335.691960 19.512633 0.020000
1005204 335.720760 12.263673 0.020000
1005205 335.833620 12.535923 0.020000
1005206 335.873270 1.074113 0.020000
1005207 336.450260 25.453133 0.020000
1005208 336.530970 7.673923 0.020000
1005209 336.593660 35.215643 0.020000
1005210 336.594370 -20.010017 0.020000
1005211 336.613840 26.818313 0.020000
1005212 336.852030 28.767723 0.020000
1005213 336.888900 18.496653 0.020000
1005214 337.074340 -14.915767 0.020000
1005215 337.087680 26.132643 0.020000
1005216 337.100450 13.862253 0.020000
1005217 337.205930 5.832263 0.020000
1005218 337.206240 5.831383 0.020000
1005219 337.206530 5.830523 0.020000
1005220 337.223830 29.887353 0.020000
