1001961 138.923330 14.194103 0.020000
1001962 138.965320 9.047103 0.020000
1001963 138.975690 53.451663 0.020000
1001964 138.976760 53.452203 0.020000
1001965 138.977680 53.452863 0.020000
1001966 138.978680 53.453543 0.020000
1001967 138.982010 27.195533 0.020000
1001968 138.990320 22.423023 0.020000
1001969 139.012250 27.607103 0.020000
1001970 139.028520 40.014983 0.020000
1001971 139.062580 20.787263 0.020000
1001972 139.127370 7.872273 0.020000
1001973 139.144340 13.099393 0.020000
1001974 139.182900 61.437303 0.020000
1001975 139.201900 17.526453 0.020000
1001976 139.211350 28.862033 0.020000
1001977 139.267660 10.610633 0.020000
1001978 139.291030 31.752373 0.020000
1001979 139.337620 -5.110907 0.020000
1001980 139.431660 41.506433 0.020000
