1000881 44.508940 15.575093 0.020000
1000882 44.579010 -13.770687 0.020000
1000883 44.602450 35.351973 0.020000
1000884 44.608480 18.096733 0.020000
1000885 44.615970 6.223703 0.020000
1000886 44.822640 -14.236217 0.020000
1000887 44.831110 -9.422897 0.020000
1000888 44.862760 7.827713 0.020000
1000889 44.913440 -9.166197 0.020000
1000890 44.913910 1.932563 0.020000
1000891 44.935090 16.897573 0.020000
1000892 45.082740 2.540423 0.020000
1000893 45.207130 16.556333 0.020000
1000894 45.309410 23.895103 0.020000
1000895 45.316120 -3.541277 0.020000
1000896 45.335980 -15.710507 0.020000
1000897 45.336160 -15.710317 0.020000
1000898 45.419150 24.294833 0.020000
1000899 45.434700 -9.312087 0.020000
1000900 45.534000 14.472183 0.020000
