1000821 41.568680 -4.962947 0.020000
1000822 41.569620 -4.963987 0.020000
1000823 41.640930 16.450443 0.020000
1000824 41.885980 35.007763 0.020000
1000825 41.966460 -1.314277 0.020000
1000826 42.055330 21.213123 0.020000
1000827 42.057550 29.674883 0.020000
1000828 42.154790 7.436613 0.020000
1000829 42.187430 32.144253 0.020000
1000830 42.207060 -8.041717 0.020000
1000831 42.209410 40.280103 0.020000
1000832 42.232870 -18.085467 0.020000
1000833 42.233210 -18.085437 0.020000
1000834 42.316090 23.643773 0.020000
1000835 42.500580 37.689493 0.020000
1000836 42.508860 4.403053 0.020000
1000837 42.532470 -1.807627 0.020000
1000838 42.573390 32.444413 0.020000
1000839 42.602180 7.071783 0.020000
1000840 42.804350 20.421973 0.020000
