1001321 72.134390 22.137453 0.020000
1001322 72.261160 -18.658027 0.020000
1001323 72.265340 -13.351117 0.020000
1001324 72.266970 5.089053 0.020000
1001325 72.342220 18.592553 0.020000
1001326 72.375330 2.898403 0.020000
1001327 72.447120 25.729263 0.020000
1001328 72.492150 31.500653 0.020000
1001329 72.582590 -9.486887 0.020000
1001330 72.624220 -10.704727 0.020000
1001331 72.664690 20.057253 0.020000
1001332 72.791550 26.477093 0.020000
1001333 73.260870 12.000133 0.020000
1001334 73.320250 38.308073 0.020000
1001335 73.337030 7.588653 0.020000
1001336 73.346100 13.051343 0.020000
1001337 73.406690 -21.833897 0.020000
1001338 73.450800 0.638313 0.020000
1001339 74.017900 30.609213 0.020000
1001340 74.125130 -20.810097 0.020000
