1001601 114.741600 10.682693 0.020000
1001602 114.802810 40.112883 0.020000
1001603 114.838170 22.448333 0.020000
1001604 115.123570 10.966653 0.020000
1001605 115.135390 11.783443 0.020000
1001606 115.136480 24.183443 0.020000
1001607 115.665750 54.773643 0.020000
1001608 115.986350 21.208633 0.020000
1001609 116.002010 41.951023 0.020000
1001610 116.082000 32.946703 0.020000
1001611 116.117990 31.738323 0.020000
1001612 116.187510 31.503703 0.020000
1001613 116.191430 40.263593 0.020000
1001614 116.290020 26.481983 0.020000
1001615 116.488670 23.404583 0.020000
1001616 116.668340 27.616383 0.020000
1001617 116.669190 17.603553 0.020000
1001618 116.684400 27.391853 0.020000
1001619 116.719860 39.056163 0.020000
1001620 117.022790 6.341773 0.020000
