1001301 71.066880 5.825063 0.020000
1001302 71.092520 23.686233 0.020000
1001303 71.185700 -22.171987 0.020000
1001304 71.190420 35.495693 0.020000
1001305 71.349980 18.440293 0.020000
1001306 71.357120 -18.999307 0.020000
1001307 71.371710 17.662383 0.020000
1001308 71.376570 -7.314647 0.020000
1001309 71.429650 11.183253 0.020000
1001310 71.430710 0.783073 0.020000
1001311 71.637720 -0.123737 0.020000
1001312 71.649200 22.992213 0.020000
1001313 71.654010 8.542613 0.020000
1001314 71.793900 7.632443 0.020000
1001315 71.835620 34.509133 0.020000
1001316 71.855820 9.444303 0.020000
1001317 71.874230 24.015483 0.020000
1001318 72.010640 -4.106267 0.020000
1001319 72.015630 -9.351207 0.020000
1001320 72.024250 -10.659577 0.020000
