1000941 47.438310 29.914133 0.020000
1000942 47.469610 17.740973 0.020000
1000943 47.543860 -10.915637 0.020000
1000944 47.552840 6.954583 0.020000
1000945 47.591090 -26.267847 0.020000
1000946 47.614650 -20.956207 0.020000
1000947 47.636570 -9.718297 0.020000
1000948 47.707640 38.281583 0.020000
1000949 47.715290 -7.883317 0.020000
1000950 47.734370 -9.719317 0.020000
1000951 47.746990 23.929603 0.020000
1000952 47.817880 37.117673 0.020000
1000953 48.002150 31.587573 0.020000
1000954 48.102050 13.071943 0.020000
1000955 48.110620 19.285103 0.020000
1000956 48.353310 4.808443 0.020000
1000957 48.355430 18.856943 0.020000
1000958 48.356140 18.856403 0.020000
1000959 48.356910 18.855833 0.020000
1000960 48.468280 2.698423 0.020000
