1005141 330.508240 -3.087977 0.020000
1005142 330.763190 -13.718127 0.020000
1005143 330.866170 14.216273 0.020000
1005144 330.867550 30.976943 0.020000
1005145 331.114240 -7.944787 0.020000
1005146 331.207310 5.847863 0.020000
1005147 331.215690 12.803623 0.020000
1005148 331.216050 -2.099877 0.020000
1005149 331.310790 0.179353 0.020000
1005150 331.474920 11.964953 0.020000
1005151 331.671070 30.276613 0.020000
1005152 331.685910 4.838923 0.020000
1005153 331.720530 18.056943 0.020000
1005154 331.742080 -15.204897 0.020000
1005155 332.182460 1.168273 0.020000
1005156 332.239510 20.111033 0.020000
1005157 332.255310 -12.846337 0.020000
1005158 332.334230 -18.168757 0.020000
1005159 332.541380 18.938383 0.020000
1005160 332.715110 20.256483 0.020000
