1000101 6.706380 32.652613 0.020000
1000102 6.715960 13.612983 0.020000
1000103 6.728200 36.366323 0.020000
1000104 6.735620 28.859163 0.020000
1000105 6.814080 -4.812367 0.020000
1000106 6.827740 25.268533 0.020000
1000107 6.876090 31.027073 0.020000
1000108 6.877440 -3.813877 0.020000
1000109 6.888440 5.020403 0.020000
1000110 6.951680 -5.899717 0.020000
1000111 6.979810 14.906113 0.020000
1000112 7.022320 -9.444747 0.020000
1000113 7.045430 -4.235057 0.020000
1000114 7.049840 7.195513 0.020000
1000115 7.077420 12.140573 0.020000
1000116 7.137720 29.855603 0.020000
1000117 7.202370 23.600823 0.020000
1000118 7.218280 27.964353 0.020000
1000119 7.260300 6.435423 0.020000
1000120 7.349740 20.547873 0.020000
