1000701 34.931330 14.330333 0.020000
1000702 35.157040 2.437413 0.020000
1000703 35.196960 -14.773157 0.020000
1000704 35.231150 35.107783 0.020000
1000705 35.243190 5.078973 0.020000
1000706 35.261570 36.910873 0.020000
1000707 35.270610 36.915793 0.020000
1000708 35.287610 -6.045377 0.020000
1000709 35.351450 0.931203 0.020000
1000710 35.361850 10.412633 0.020000
1000711 35.391450 6.231523 0.020000
1000712 35.421880 -23.276507 0.020000
1000713 35.436680 0.828033 0.020000
1000714 35.473570 10.527693 0.020000
1000715 35.548210 12.706463 0.020000
1000716 35.652770 -9.099967 0.020000
1000717 35.675320 28.300253 0.020000
1000718 35.793050 11.999033 0.020000
1000719 35.815200 -7.055687 0.020000
1000720 35.869930 5.625153 0.020000
