1004441 237.371810 17.174513 0.020000
1004442 237.461060 14.858353 0.020000
1004443 237.466810 -6.952237 0.020000
1004444 237.546400 12.311803 0.020000
1004445 237.566740 4.759433 0.020000
1004446 237.626270 -0.204907 0.020000
1004447 237.843030 -4.397287 0.020000
1004448 237.923970 42.176943 0.020000
1004449 237.979520 30.156303 0.020000
1004450 238.020090 -0.074157 0.020000
1004451 238.119850 48.247873 0.020000
1004452 238.273920 -5.687307 0.020000
1004453 238.341860 20.739803 0.020000
1004454 238.356960 11.776883 0.020000
1004455 238.356990 11.776933 0.020000
1004456 238.501590 6.363783 0.020000
1004457 238.513820 29.356693 0.020000
1004458 238.563140 11.006953 0.020000
1004459 238.603510 32.467393 0.020000
1004460 238.613060 52.620443 0.020000
