1005181 334.227570 -6.220137 0.020000
1005182 334.299020 31.671363 0.020000
1005183 334.323030 31.980553 0.020000
1005184 334.331050 35.613713 0.020000
1005185 334.350340 -19.631277 0.020000
1005186 334.595140 34.785893 0.020000
1005187 334.599770 21.832533 0.020000
1005188 334.667600 -14.642267 0.020000
1005189 334.754420 -14.909707 0.020000
1005190 334.754880 -10.010247 0.020000
1005191 334.805180 24.234793 0.020000
1005192 334.957550 18.990073 0.020000
1005193 335.009460 11.673713 0.020000
1005194 335.014670 -21.622837 0.020000
1005195 335.209630 -10.997347 0.020000
1005196 335.316760 -10.956657 0.020000
1005197 335.398230 27.450883 0.020000
1005198 335.436530 18.702223 0.020000
1005199 335.436550 18.702153 0.020000
1005200 335.528270 22.180213 0.020000
