1001621 117.073390 20.398163 0.020000
1001622 117.083110 24.999643 0.020000
1001623 117.150610 24.039923 0.020000
1001624 117.200660 54.629013 0.020000
1001625 117.248070 31.453533 0.020000
1001626 117.366690 19.114453 0.020000
1001627 117.501230 18.419793 0.020000
1001628 117.637230 10.390803 0.020000
1001629 117.749880 14.230613 0.020000
1001630 117.781230 30.141233 0.020000
1001631 117.820810 10.037913 0.020000
1001632 117.836520 31.815333 0.020000
1001633 117.973640 33.255473 0.020000
1001634 118.036870 27.030733 0.020000
1001635 118.228980 53.125303 0.020000
1001636 118.242710 -0.085887 0.020000
1001637 118.245370 5.524963 0.020000
1001638 118.281640 8.129473 0.020000
1001639 118.383250 38.000153 0.020000
1001640 118.556860 39.091603 0.020000
