1003161 187.473070 47.043953 0.020000
1003162 187.489640 10.101913 0.020000
1003163 187.490450 28.627253 0.020000
1003164 187.542610 6.626483 0.020000
1003165 187.558690 25.335313 0.020000
1003166 187.567020 -7.732977 0.020000
1003167 187.625190 12.105253 0.020000
1003168 187.629940 21.731993 0.020000
1003169 187.670020 41.671133 0.020000
1003170 187.703220 28.983733 0.020000
1003171 187.712700 8.904693 0.020000
1003172 187.712810 8.904563 0.020000
1003173 187.853840 29.164153 0.020000
1003174 187.883740 23.128913 0.020000
1003175 187.886690 49.877993 0.020000
1003176 187.888040 49.877843 0.020000
1003177 187.889160 10.400823 0.020000
1003178 187.894790 26.720303 0.020000
1003179 187.945570 -10.866117 0.020000
1003180 188.014460 40.290093 0.020000
