1003981 217.234000 20.351113 0.020000
1003982 217.271000 41.945743 0.020000
1003983 217.338630 1.486533 0.020000
1003984 217.353340 42.989193 0.020000
1003985 217.364160 11.685793 0.020000
1003986 217.401070 32.475013 0.020000
1003987 217.464080 -17.701267 0.020000
1003988 217.521100 10.401283 0.020000
1003989 217.584350 32.000903 0.020000
1003990 217.618630 10.646673 0.020000
1003991 217.645680 63.682883 0.020000
1003992 217.650570 59.757613 0.020000
1003993 217.692200 -12.182117 0.020000
1003994 217.725500 5.735423 0.020000
1003995 217.735570 22.398213 0.020000
1003996 217.735630 12.263053 0.020000
1003997 217.913920 17.204103 0.020000
1003998 217.920810 35.216133 0.020000
1003999 217.929390 -3.389017 0.020000
1004000 218.162170 -2.174697 0.020000
