1002201 150.391850 45.599833 0.020000
1002202 150.490160 25.945563 0.020000
1002203 150.504160 40.709353 0.020000
1002204 150.523260 36.573263 0.020000
1002205 150.574150 25.002783 0.020000
1002206 150.679820 -2.742867 0.020000
1002207 150.720350 12.304083 0.020000
1002208 150.749470 9.033453 0.020000
1002209 150.776060 22.250723 0.020000
1002210 150.793860 -0.769267 0.020000
1002211 150.812490 55.121683 0.020000
1002212 150.819480 22.644953 0.020000
1002213 150.910210 43.549203 0.020000
1002214 151.028250 31.241483 0.020000
1002215 151.039530 35.819213 0.020000
1002216 151.214890 -15.642047 0.020000
1002217 151.251120 14.413853 0.020000
1002218 151.307860 22.322403 0.020000
1002219 151.314050 19.218853 0.020000
1002220 151.333080 15.694703 0.020000
