1003801 209.550250 23.453973 0.020000
1003802 209.580730 20.214203 0.020000
1003803 209.644780 31.247873 0.020000
1003804 209.735410 12.172723 0.020000
1003805 209.746560 28.379423 0.020000
1003806 209.747590 -3.525847 0.020000
1003807 209.758150 2.327523 0.020000
1003808 209.768750 17.667623 0.020000
1003809 209.774250 55.775633 0.020000
1003810 209.935380 43.437333 0.020000
1003811 209.975160 26.687273 0.020000
1003812 209.998350 14.642543 0.020000
1003813 210.062180 20.324963 0.020000
1003814 210.107550 47.698673 0.020000
1003815 210.137840 47.728843 0.020000
1003816 210.253750 1.032633 0.020000
1003817 210.297930 45.784833 0.020000
1003818 210.305140 7.666113 0.020000
1003819 210.325900 -11.366527 0.020000
1003820 210.333960 20.577653 0.020000
