1000421 21.742360 -1.325797 0.020000
1000422 21.760620 -0.685807 0.020000
1000423 21.774090 3.251593 0.020000
1000424 21.775770 12.890933 0.020000
1000425 21.778740 12.020093 0.020000
1000426 21.810790 0.906703 0.020000
1000427 21.857700 -17.606107 0.020000
1000428 22.080700 24.031573 0.020000
1000429 22.091320 -7.822787 0.020000
1000430 22.135520 0.668753 0.020000
1000431 22.159710 18.793243 0.020000
1000432 22.175510 11.547473 0.020000
1000433 22.198420 -0.575217 0.020000
1000434 22.219220 -23.628977 0.020000
1000435 22.231900 -4.157947 0.020000
1000436 22.239190 -16.712107 0.020000
1000437 22.277400 -14.045417 0.020000
1000438 22.317860 3.621963 0.020000
1000439 22.458320 -6.840327 0.020000
1000440 22.487840 8.039333 0.020000
