1004121 222.702350 7.590903 0.020000
1004122 222.771360 -7.964407 0.020000
1004123 222.776640 -6.658377 0.020000
1004124 223.030550 -3.591567 0.020000
1004125 223.095820 35.648923 0.020000
1004126 223.167400 1.094963 0.020000
1004127 223.170980 -11.930027 0.020000
1004128 223.212000 6.534283 0.020000
1004129 223.327280 35.127633 0.020000
1004130 223.334050 8.842163 0.020000
1004131 223.345860 2.995313 0.020000
1004132 223.417840 16.497843 0.020000
1004133 223.473300 26.842663 0.020000
1004134 223.494720 27.366903 0.020000
1004135 223.521360 22.127943 0.020000
1004136 223.535500 1.167703 0.020000
1004137 223.578330 53.159683 0.020000
1004138 223.594950 1.561253 0.020000
1004139 223.613030 51.442673 0.020000
1004140 223.649880 -5.181607 0.020000
