1003841 211.224930 -10.417227 0.020000
1003842 211.229590 8.954063 0.020000
1003843 211.395220 27.559493 0.020000
1003844 211.403260 -1.336157 0.020000
1003845 211.535860 24.370143 0.020000
1003846 211.572660 0.660833 0.020000
1003847 211.635550 14.356143 0.020000
1003848 211.666480 46.782243 0.020000
1003849 211.733550 38.644903 0.020000
1003850 211.794710 22.414853 0.020000
1003851 211.812330 9.089523 0.020000
1003852 211.841450 39.430333 0.020000
1003853 211.842500 39.430063 0.020000
1003854 211.901850 40.023723 0.020000
1003855 211.957290 36.676973 0.020000
1003856 211.985490 -12.079377 0.020000
1003857 211.989070 11.028023 0.020000
1003858 212.017490 18.230283 0.020000
1003859 212.027860 58.085463 0.020000
1003860 212.238620 8.636413 0.020000
