1001581 112.926920 34.790243 0.020000
1001582 113.033890 41.535913 0.020000
1001583 113.077480 34.479923 0.020000
1001584 113.268360 15.949743 0.020000
1001585 113.351350 36.867963 0.020000
1001586 113.356080 37.662473 0.020000
1001587 113.413660 21.400323 0.020000
1001588 113.428910 35.436353 0.020000
1001589 113.451570 44.584763 0.020000
1001590 113.474370 22.423473 0.020000
1001591 113.490620 30.543793 0.020000
1001592 113.577720 27.252623 0.020000
1001593 113.678110 50.741333 0.020000
1001594 113.785100 39.765063 0.020000
1001595 114.037560 47.487643 0.020000
1001596 114.172850 28.583763 0.020000
1001597 114.380830 23.789813 0.020000
1001598 114.493930 20.962423 0.020000
1001599 114.493970 20.962353 0.020000
1001600 114.631780 44.927513 0.020000
