1002281 153.760090 7.841703 0.020000
1002282 153.768450 10.652303 0.020000
1002283 153.858080 -2.042267 0.020000
1002284 153.909280 2.152763 0.020000
1002285 153.921310 22.042833 0.020000
1002286 153.941170 3.586623 0.020000
1002287 153.972970 4.903483 0.020000
1002288 153.985020 25.206223 0.020000
1002289 154.054830 26.523223 0.020000
1002290 154.056290 32.972613 0.020000
1002291 154.161050 -6.743377 0.020000
1002292 154.197040 56.468733 0.020000
1002293 154.289020 30.498663 0.020000
1002294 154.335660 -5.104657 0.020000
1002295 154.389170 21.201163 0.020000
1002296 154.406520 -13.372507 0.020000
1002297 154.427990 16.615503 0.020000
1002298 154.477910 40.699163 0.020000
1002299 154.501690 -2.511507 0.020000
1002300 154.519950 10.104033 0.020000
