1003741 207.086480 27.417933 0.020000
1003742 207.160550 43.718933 0.020000
1003743 207.203830 -24.398507 0.020000
1003744 207.263490 -28.033157 0.020000
1003745 207.263900 31.910073 0.020000
1003746 207.263950 31.910313 0.020000
1003747 207.274600 17.266803 0.020000
1003748 207.462580 -5.292207 0.020000
1003749 207.576730 -4.544177 0.020000
1003750 207.645670 3.543363 0.020000
1003751 207.690780 19.471723 0.020000
1003752 207.696370 27.670593 0.020000
1003753 207.740810 26.311723 0.020000
1003754 207.768430 0.555303 0.020000
1003755 207.782530 13.601853 0.020000
1003756 207.840490 14.177103 0.020000
1003757 207.877290 2.726183 0.020000
1003758 207.930420 9.148123 0.020000
1003759 207.973080 52.624333 0.020000
1003760 208.042080 25.346073 0.020000
