1002801 173.315300 25.070713 0.020000
1002802 173.379290 39.978333 0.020000
1002803 173.389380 -4.317567 0.020000
1002804 173.423220 0.758963 0.020000
1002805 173.425100 25.901733 0.020000
1002806 173.437210 14.613293 0.020000
1002807 173.459230 6.239693 0.020000
1002808 173.532440 6.124313 0.020000
1002809 173.587880 -3.931047 0.020000
1002810 173.597900 24.777143 0.020000
1002811 173.615130 11.731963 0.020000
1002812 173.633440 17.662993 0.020000
1002813 173.689270 21.275933 0.020000
1002814 173.702130 8.636783 0.020000
1002815 173.774000 34.763343 0.020000
1002816 173.774790 21.073593 0.020000
1002817 173.783050 12.197233 0.020000
1002818 173.802740 13.645373 0.020000
1002819 173.808820 30.201713 0.020000
1002820 173.879250 5.748363 0.020000
