1000021 1.868910 29.270753 0.020000
1000022 1.925950 12.502403 0.020000
1000023 2.002040 12.687243 0.020000
1000024 2.067140 -3.571717 0.020000
1000025 2.080540 -25.989217 0.020000
1000026 2.227730 20.316673 0.020000
1000027 2.266320 6.505913 0.020000
1000028 2.278660 -16.656517 0.020000
1000029 2.295600 30.085633 0.020000
1000030 2.317930 9.040793 0.020000
1000031 2.326200 -19.673447 0.020000
1000032 2.409360 -12.137967 0.020000
1000033 2.439410 40.524443 0.020000
1000034 2.484710 17.330093 0.020000
1000035 2.580440 41.115243 0.020000
1000036 2.619740 20.830533 0.020000
1000037 2.705170 14.210893 0.020000
1000038 2.711270 21.724153 0.020000
1000039 2.793760 31.541623 0.020000
1000040 2.921080 -7.029417 0.020000
