1005441 351.329980 -8.271897 0.020000
1005442 351.388270 35.006053 0.020000
1005443 351.409680 -18.786937 0.020000
1005444 351.439670 9.311543 0.020000
1005445 351.464400 -1.639937 0.020000
1005446 351.580930 28.480533 0.020000
1005447 351.662690 37.064183 0.020000
1005448 351.802070 -23.386977 0.020000
1005449 351.817720 41.563633 0.020000
1005450 352.090720 36.565453 0.020000
1005451 352.113400 15.331223 0.020000
1005452 352.189720 42.746453 0.020000
1005453 352.227020 8.947653 0.020000
1005454 352.306960 1.970103 0.020000
1005455 352.311680 -17.424787 0.020000
1005456 352.333910 3.419153 0.020000
1005457 352.357640 4.043443 0.020000
1005458 352.410550 8.041373 0.020000
1005459 352.503700 -4.688617 0.020000
1005460 352.512610 30.583473 0.020000
