1002601 165.764700 12.004703 0.020000
1002602 165.870290 21.084493 0.020000
1002603 165.971900 -8.027457 0.020000
1002604 166.002850 18.179413 0.020000
1002605 166.027690 -4.826217 0.020000
1002606 166.060410 30.410203 0.020000
1002607 166.177790 45.684593 0.020000
1002608 166.185110 57.802713 0.020000
1002609 166.191680 42.954493 0.020000
1002610 166.196670 32.916713 0.020000
1002611 166.237990 30.056073 0.020000
1002612 166.259490 22.904693 0.020000
1002613 166.324760 -8.548047 0.020000
1002614 166.333650 -1.834767 0.020000
1002615 166.339180 32.966403 0.020000
1002616 166.471070 8.166003 0.020000
1002617 166.526930 53.233633 0.020000
1002618 166.537580 -0.208197 0.020000
1002619 166.559220 18.325673 0.020000
1002620 166.581400 26.811783 0.020000
