1004801 260.611480 43.309563 0.020000
1004802 260.630040 36.236103 0.020000
1004803 260.868070 36.096563 0.020000
1004804 260.924720 30.530623 0.020000
1004805 261.026350 41.269483 0.020000
1004806 261.059180 33.084453 0.020000
1004807 261.314630 7.580263 0.020000
1004808 261.395500 23.237543 0.020000
1004809 261.409520 19.151603 0.020000
1004810 261.507980 60.216723 0.020000
1004811 261.753360 18.272493 0.020000
1004812 261.890310 13.120243 0.020000
1004813 261.911020 14.515663 0.020000
1004814 261.911960 14.515803 0.020000
1004815 262.029300 12.294353 0.020000
1004816 262.253910 16.052233 0.020000
1004817 262.371270 20.335633 0.020000
1004818 262.401710 17.937863 0.020000
1004819 262.465000 22.168903 0.020000
1004820 262.500560 40.637423 0.020000
