1000681 33.462460 16.018563 0.020000
1000682 33.463920 23.296943 0.020000
1000683 33.607460 5.419103 0.020000
1000684 33.623050 34.478643 0.020000
1000685 33.632060 -8.218097 0.020000
1000686 33.633610 -13.090137 0.020000
1000687 33.683850 16.215393 0.020000
1000688 33.723750 19.892763 0.020000
1000689 33.818160 43.824043 0.020000
1000690 33.826970 10.979303 0.020000
1000691 33.906670 -3.394737 0.020000
1000692 33.993540 12.270603 0.020000
1000693 34.161830 -10.251007 0.020000
1000694 34.218610 13.950183 0.020000
1000695 34.307860 40.724893 0.020000
1000696 34.479120 -1.330787 0.020000
1000697 34.599850 16.599613 0.020000
1000698 34.757700 -10.974157 0.020000
1000699 34.838220 -18.677437 0.020000
1000700 34.862280 35.883043 0.020000
