1004721 254.474760 20.929383 0.020000
1004722 254.515590 14.642743 0.020000
1004723 254.574010 2.977473 0.020000
1004724 254.585760 1.995973 0.020000
1004725 254.733770 -0.867617 0.020000
1004726 255.021470 -11.038007 0.020000
1004727 255.074070 -0.970827 0.020000
1004728 255.107050 57.542123 0.020000
1004729 255.315890 -2.666237 0.020000
1004730 255.321700 23.286913 0.020000
1004731 255.440990 33.427663 0.020000
1004732 255.464970 13.391843 0.020000
1004733 255.535780 55.340743 0.020000
1004734 255.627840 7.973053 0.020000
1004735 255.920420 -6.479727 0.020000
1004736 255.924090 32.797933 0.020000
1004737 255.931440 9.176323 0.020000
1004738 255.936850 40.023973 0.020000
1004739 256.014980 21.628333 0.020000
1004740 256.034950 9.184533 0.020000
