1003181 188.021860 34.003443 0.020000
1003182 188.028510 1.489393 0.020000
1003183 188.029080 12.376133 0.020000
1003184 188.034300 8.235573 0.020000
1003185 188.065830 8.995943 0.020000
1003186 188.106950 15.844323 0.020000
1003187 188.107440 14.378403 0.020000
1003188 188.115000 16.488223 0.020000
1003189 188.190290 -13.227897 0.020000
1003190 188.196970 61.145823 0.020000
1003191 188.214360 12.553153 0.020000
1003192 188.235840 46.208753 0.020000
1003193 188.278140 3.764063 0.020000
1003194 188.278230 3.763923 0.020000
1003195 188.284790 7.510793 0.020000
1003196 188.320630 14.670663 0.020000
1003197 188.331960 12.220023 0.020000
1003198 188.470590 21.552543 0.020000
1003199 188.471150 21.552323 0.020000
1003200 188.481590 23.580113 0.020000
