1003101 185.309000 47.531223 0.020000
1003102 185.313650 10.176373 0.020000
1003103 185.313730 10.176513 0.020000
1003104 185.313750 10.176463 0.020000
1003105 185.338360 -0.371587 0.020000
1003106 185.369320 25.301783 0.020000
1003107 185.373740 18.340923 0.020000
1003108 185.380010 32.032113 0.020000
1003109 185.381730 28.938363 0.020000
1003110 185.382480 31.546593 0.020000
1003111 185.382730 28.938633 0.020000
1003112 185.440820 9.895993 0.020000
1003113 185.454710 -3.935687 0.020000
1003114 185.507200 4.513323 0.020000
1003115 185.616270 37.860973 0.020000
1003116 185.738740 28.531903 0.020000
1003117 185.793180 31.950053 0.020000
1003118 185.794760 23.648583 0.020000
1003119 185.838710 -9.660237 0.020000
1003120 185.839200 29.978543 0.020000
