1003081 184.732110 22.985323 0.020000
1003082 184.770340 42.448293 0.020000
1003083 184.796730 18.547723 0.020000
1003084 184.799890 -11.389297 0.020000
1003085 184.852740 -18.973457 0.020000
1003086 184.886050 38.073873 0.020000
1003087 184.981650 2.258833 0.020000
1003088 185.072350 32.965563 0.020000
1003089 185.072380 32.965543 0.020000
1003090 185.075340 13.270793 0.020000
1003091 185.159250 32.327713 0.020000
1003092 185.160700 28.671173 0.020000
1003093 185.175990 43.799703 0.020000
1003094 185.176170 43.799483 0.020000
1003095 185.186820 14.971393 0.020000
1003096 185.190710 -9.569907 0.020000
1003097 185.214470 34.868373 0.020000
1003098 185.249050 -10.426427 0.020000
1003099 185.256460 -7.235777 0.020000
1003100 185.286490 12.942853 0.020000
