1000921 46.623840 -7.648017 0.020000
1000922 46.624520 -7.648517 0.020000
1000923 46.647440 23.138983 0.020000
1000924 46.695100 12.384183 0.020000
1000925 46.768020 16.364573 0.020000
1000926 46.838540 26.397933 0.020000
1000927 46.841620 23.476393 0.020000
1000928 46.870110 32.751803 0.020000
1000929 46.961870 27.212083 0.020000
1000930 47.166200 36.020463 0.020000
1000931 47.197130 31.415013 0.020000
1000932 47.202880 26.842473 0.020000
1000933 47.217060 17.334223 0.020000
1000934 47.265110 10.521283 0.020000
1000935 47.287910 -11.558767 0.020000
1000936 47.300230 20.196693 0.020000
1000937 47.306870 24.451613 0.020000
1000938 47.322130 31.711273 0.020000
1000939 47.332440 16.118143 0.020000
1000940 47.374170 26.667883 0.020000
