1003661 204.708980 30.005983 0.020000
1003662 204.715440 32.127003 0.020000
1003663 204.735430 -13.177187 0.020000
1003664 204.757240 -23.987227 0.020000
1003665 204.805350 20.967813 0.020000
1003666 204.816500 15.712963 0.020000
1003667 204.874720 -12.316167 0.020000
1003668 204.921520 48.824503 0.020000
1003669 204.943180 -21.421967 0.020000
1003670 204.954560 47.002623 0.020000
1003671 204.955830 47.002733 0.020000
1003672 205.066600 8.194153 0.020000
1003673 205.095850 30.016723 0.020000
1003674 205.096510 28.444033 0.020000
1003675 205.158880 20.414583 0.020000
1003676 205.167540 19.069493 0.020000
1003677 205.181450 19.668223 0.020000
1003678 205.216930 15.261393 0.020000
1003679 205.290180 30.058003 0.020000
1003680 205.291190 30.057933 0.020000
