1002641 167.346950 30.474343 0.020000
1002642 167.368330 0.785543 0.020000
1002643 167.387240 27.444523 0.020000
1002644 167.402890 27.228933 0.020000
1002645 167.406620 50.691433 0.020000
1002646 167.479810 28.483693 0.020000
1002647 167.481190 17.295403 0.020000
1002648 167.504080 36.450803 0.020000
1002649 167.526170 8.753793 0.020000
1002650 167.530850 28.978833 0.020000
1002651 167.579020 -5.338377 0.020000
1002652 167.580100 25.132403 0.020000
1002653 167.584400 23.729853 0.020000
1002654 167.659470 -9.440657 0.020000
1002655 167.719510 37.196543 0.020000
1002656 167.743600 20.468433 0.020000
1002657 167.791130 27.655293 0.020000
1002658 167.842900 -6.503007 0.020000
1002659 167.861950 57.244143 0.020000
1002660 167.891230 34.507973 0.020000
