1000461 23.413730 30.999503 0.020000
1000462 23.428920 34.843653 0.020000
1000463 23.456900 31.333793 0.020000
1000464 23.484850 -25.836207 0.020000
1000465 23.513240 14.456203 0.020000
1000466 23.536970 -0.264597 0.020000
1000467 23.659590 31.118633 0.020000
1000468 23.685630 -0.549977 0.020000
1000469 23.698200 16.273003 0.020000
1000470 23.710580 30.901963 0.020000
1000471 23.732710 -9.907127 0.020000
1000472 23.783440 41.155813 0.020000
1000473 24.002650 41.669653 0.020000
1000474 24.018770 17.600983 0.020000
1000475 24.074140 11.722923 0.020000
1000476 24.115720 31.208563 0.020000
1000477 24.134060 20.504913 0.020000
1000478 24.144160 19.609023 0.020000
1000479 24.154230 32.044463 0.020000
1000480 24.172810 29.088763 0.020000
