1004581 246.308700 15.710173 0.020000
1004582 246.334630 12.085853 0.020000
1004583 246.336780 57.770883 0.020000
1004584 246.371190 27.003833 0.020000
1004585 246.425710 41.345083 0.020000
1004586 246.523790 22.878993 0.020000
1004587 246.540360 -3.856887 0.020000
1004588 246.576520 39.456643 0.020000
1004589 246.577660 39.456243 0.020000
1004590 246.578870 39.456293 0.020000
1004591 246.582640 -12.899037 0.020000
1004592 246.632140 32.957203 0.020000
1004593 246.653570 -24.231637 0.020000
1004594 246.718230 29.413173 0.020000
1004595 246.719520 33.989283 0.020000
1004596 246.730470 33.673323 0.020000
1004597 246.736670 -0.396827 0.020000
1004598 246.788630 35.402983 0.020000
1004599 246.826620 12.109773 0.020000
1004600 246.845190 -12.499587 0.020000
