1003261 190.650900 37.873953 0.020000
1003262 190.676810 0.598343 0.020000
1003263 190.680310 32.901323 0.020000
1003264 190.798030 26.806073 0.020000
1003265 190.860100 36.079113 0.020000
1003266 190.867900 -5.875427 0.020000
1003267 190.959330 21.753273 0.020000
1003268 190.963230 -0.548247 0.020000
1003269 190.968150 24.496993 0.020000
1003270 190.973410 51.090833 0.020000
1003271 191.064830 17.289883 0.020000
1003272 191.066300 16.923653 0.020000
1003273 191.074510 30.100323 0.020000
1003274 191.156970 40.039783 0.020000
1003275 191.172790 5.277103 0.020000
1003276 191.184110 -11.110137 0.020000
1003277 191.265120 11.443733 0.020000
1003278 191.275120 27.670343 0.020000
1003279 191.350280 -5.186877 0.020000
1003280 191.350980 37.124523 0.020000
