1001761 127.372970 0.256673 0.020000
1001762 127.450450 26.806833 0.020000
1001763 127.451430 26.807293 0.020000
1001764 127.489420 -1.000397 0.020000
1001765 127.572350 40.470883 0.020000
1001766 127.717410 36.245893 0.020000
1001767 127.776840 -5.678307 0.020000
1001768 127.800530 25.656173 0.020000
1001769 127.846440 -2.006997 0.020000
1001770 127.950730 64.608223 0.020000
1001771 128.022020 44.201543 0.020000
1001772 128.096720 49.255763 0.020000
1001773 128.223210 15.749123 0.020000
1001774 128.261280 37.133723 0.020000
1001775 128.597070 25.847743 0.020000
1001776 128.670600 46.999203 0.020000
1001777 129.079110 21.384723 0.020000
1001778 129.173670 9.268153 0.020000
1001779 129.215620 27.476913 0.020000
1001780 129.443380 52.367793 0.020000
