1003401 195.475040 -20.417677 0.020000
1003402 195.532270 -17.744927 0.020000
1003403 195.556000 14.561513 0.020000
1003404 195.624670 51.154543 0.020000
1003405 195.640240 27.469813 0.020000
1003406 195.657860 69.081233 0.020000
1003407 195.688240 18.297303 0.020000
1003408 195.715820 33.699633 0.020000
1003409 195.718480 57.843863 0.020000
1003410 195.723180 -4.009857 0.020000
1003411 195.726300 49.908093 0.020000
1003412 195.744780 10.540843 0.020000
1003413 195.763330 24.598923 0.020000
1003414 195.765670 -3.002017 0.020000
1003415 195.820690 26.087473 0.020000
1003416 195.871230 6.272863 0.020000
1003417 195.925170 22.010513 0.020000
1003418 195.973780 19.987633 0.020000
1003419 196.024990 20.096733 0.020000
1003420 196.035190 43.935473 0.020000
