1000361 18.714270 26.422703 0.020000
1000362 18.777240 -14.570347 0.020000
1000363 18.818880 24.958393 0.020000
1000364 18.884050 37.659893 0.020000
1000365 18.930170 33.656713 0.020000
1000366 19.052190 32.677603 0.020000
1000367 19.057360 9.404483 0.020000
1000368 19.127710 24.355223 0.020000
1000369 19.128630 24.354883 0.020000
1000370 19.129620 24.354513 0.020000
1000371 19.154700 -16.330427 0.020000
1000372 19.179730 -8.250207 0.020000
1000373 19.230090 6.564023 0.020000
1000374 19.314150 6.997923 0.020000
1000375 19.371690 9.015023 0.020000
1000376 19.377570 5.718253 0.020000
1000377 19.392860 -3.206797 0.020000
1000378 19.437270 -15.406957 0.020000
1000379 19.451130 1.250773 0.020000
1000380 19.453100 -21.151787 0.020000
