1000761 38.451700 3.721033 0.020000
1000762 38.468900 11.750783 0.020000
1000763 38.554330 17.793743 0.020000
1000764 38.554970 17.793123 0.020000
1000765 38.615860 -4.875247 0.020000
1000766 38.714020 -0.579017 0.020000
1000767 38.766690 32.710483 0.020000
1000768 38.771020 3.083503 0.020000
1000769 38.881230 -17.855947 0.020000
1000770 38.890280 15.897963 0.020000
1000771 38.891790 -10.522277 0.020000
1000772 38.893190 19.053063 0.020000
1000773 38.906490 -0.690707 0.020000
1000774 39.037140 14.714913 0.020000
1000775 39.055900 9.013293 0.020000
1000776 39.137020 15.616303 0.020000
1000777 39.158350 11.232523 0.020000
1000778 39.343600 23.562663 0.020000
1000779 39.425350 15.096293 0.020000
1000780 39.464940 29.106773 0.020000
