1001401 79.767490 0.802793 0.020000
1001402 79.845440 15.943053 0.020000
1001403 79.987970 20.211293 0.020000
1001404 80.141050 -0.058357 0.020000
1001405 80.145860 -8.937357 0.020000
1001406 80.158800 2.352643 0.020000
1001407 80.225950 22.026973 0.020000
1001408 80.358680 -16.849547 0.020000
1001409 80.423380 -4.152837 0.020000
1001410 80.446610 11.390403 0.020000
1001411 80.503030 -16.384227 0.020000
1001412 80.566450 8.660853 0.020000
1001413 80.571210 -25.562997 0.020000
1001414 80.770610 -8.007707 0.020000
1001415 80.873450 -16.138987 0.020000
1001416 80.965690 1.041833 0.020000
1001417 81.050610 0.730023 0.020000
1001418 81.073510 8.597493 0.020000
1001419 81.139460 -7.057697 0.020000
1001420 81.142870 0.255283 0.020000
