1004361 233.712980 7.525163 0.020000
1004362 233.733190 -14.281787 0.020000
1004363 233.736600 26.637823 0.020000
1004364 233.758910 14.815583 0.020000
1004365 233.960650 37.715353 0.020000
1004366 233.994810 21.345223 0.020000
1004367 234.013800 20.339153 0.020000
1004368 234.054110 32.287133 0.020000
1004369 234.082940 52.642813 0.020000
1004370 234.130170 46.937263 0.020000
1004371 234.143380 33.514463 0.020000
1004372 234.145470 33.049613 0.020000
1004373 234.191550 -22.464087 0.020000
1004374 234.298010 23.258143 0.020000
1004375 234.361470 29.206063 0.020000
1004376 234.407060 13.362693 0.020000
1004377 234.439200 37.473133 0.020000
1004378 234.477920 7.194973 0.020000
1004379 234.495900 33.249993 0.020000
1004380 234.627620 26.086643 0.020000
