1001721 124.557910 4.797963 0.020000
1001722 124.619920 41.450103 0.020000
1001723 124.653480 1.401983 0.020000
1001724 124.759610 32.477083 0.020000
1001725 124.900270 19.294483 0.020000
1001726 125.080710 47.825433 0.020000
1001727 125.197550 35.927073 0.020000
1001728 125.348910 45.726473 0.020000
1001729 125.422780 26.432763 0.020000
1001730 125.469030 29.787023 0.020000
1001731 125.566710 52.603663 0.020000
1001732 125.729010 7.542363 0.020000
1001733 125.739790 40.730433 0.020000
1001734 125.829610 24.548173 0.020000
1001735 125.846620 30.141253 0.020000
1001736 125.883790 28.670573 0.020000
1001737 125.967990 4.648613 0.020000
1001738 125.978040 32.424023 0.020000
1001739 126.102980 37.107983 0.020000
1001740 126.137520 24.678753 0.020000
