1004901 272.527200 40.423753 0.020000
1004902 273.000340 50.358363 0.020000
1004903 273.130960 67.112673 0.020000
1004904 273.164080 46.092583 0.020000
1004905 273.218550 33.101863 0.020000
1004906 273.230580 64.344503 0.020000
1004907 273.921130 47.484703 0.020000
1004908 274.020900 41.928543 0.020000
1004909 274.304600 68.581883 0.020000
1004910 274.305420 68.582693 0.020000
1004911 274.759810 34.486483 0.020000
1004912 275.012920 45.620143 0.020000
1004913 275.213480 49.233443 0.020000
1004914 275.299790 38.828963 0.020000
1004915 278.748040 54.587423 0.020000
1004916 279.294700 53.817983 0.020000
1004917 283.482430 48.008493 0.020000
1004918 300.470790 -16.686947 0.020000
1004919 300.636500 -20.883387 0.020000
1004920 302.505600 -17.386197 0.020000
