1001641 118.560390 31.571063 0.020000
1001642 118.577990 38.240273 0.020000
1001643 118.708970 9.205323 0.020000
1001644 118.771450 18.996923 0.020000
1001645 118.808570 41.798863 0.020000
1001646 118.831330 20.685673 0.020000
1001647 118.869360 52.191183 0.020000
1001648 118.919190 26.805213 0.020000
1001649 119.045730 56.200523 0.020000
1001650 119.061790 44.068043 0.020000
1001651 119.066880 30.362563 0.020000
1001652 119.200080 31.001513 0.020000
1001653 119.201260 32.124113 0.020000
1001654 119.274050 23.182053 0.020000
1001655 119.307580 22.414753 0.020000
1001656 119.445690 30.918663 0.020000
1001657 119.579980 26.434863 0.020000
1001658 119.751960 27.199203 0.020000
1001659 119.996940 21.360073 0.020000
1001660 120.020920 40.125523 0.020000
