1005401 349.048410 27.614023 0.020000
1005402 349.069160 11.746533 0.020000
1005403 349.092050 24.288503 0.020000
1005404 349.172630 -13.049047 0.020000
1005405 349.214360 18.509203 0.020000
1005406 349.261930 11.002393 0.020000
1005407 349.403430 -2.601807 0.020000
1005408 349.439860 17.772173 0.020000
1005409 349.496720 15.584163 0.020000
1005410 349.511470 -7.757277 0.020000
1005411 349.525850 -15.815887 0.020000
1005412 349.637610 -7.686087 0.020000
1005413 349.740740 -6.012997 0.020000
1005414 349.786940 -6.187407 0.020000
1005415 349.787300 -6.186537 0.020000
1005416 349.787630 -6.185677 0.020000
1005417 349.788240 33.294383 0.020000
1005418 349.798060 -12.398497 0.020000
1005419 349.867600 -3.638427 0.020000
1005420 349.900290 36.816643 0.020000
