1000961 48.515090 -1.867637 0.020000
1000962 48.523470 2.072023 0.020000
1000963 48.584950 26.520303 0.020000
1000964 48.642500 -16.323887 0.020000
1000965 48.670790 27.241433 0.020000
1000966 48.767710 17.906693 0.020000
1000967 48.852100 -1.647637 0.020000
1000968 48.961420 -15.217397 0.020000
1000969 49.136980 10.841573 0.020000
1000970 49.437670 -0.247457 0.020000
1000971 49.570010 20.374323 0.020000
1000972 49.613850 13.939893 0.020000
1000973 49.690310 21.610163 0.020000
1000974 49.709300 33.193483 0.020000
1000975 49.717220 -10.433957 0.020000
1000976 49.765070 -3.969177 0.020000
1000977 49.804160 22.678883 0.020000
1000978 49.880900 19.088623 0.020000
1000979 49.907730 21.297573 0.020000
1000980 49.977940 -7.768987 0.020000
