1002881 176.338260 -4.401637 0.020000
1002882 176.423800 8.799683 0.020000
1002883 176.480890 5.079173 0.020000
1002884 176.500080 -4.103857 0.020000
1002885 176.534170 12.713923 0.020000
1002886 176.697490 32.723143 0.020000
1002887 176.738850 6.965803 0.020000
1002888 176.742930 40.009503 0.020000
1002889 176.759760 -19.524667 0.020000
1002890 176.831620 1.297223 0.020000
1002891 176.837080 47.798353 0.020000
1002892 176.862190 2.757043 0.020000
1002893 176.882880 -16.420607 0.020000
1002894 176.887670 32.061153 0.020000
1002895 176.933980 3.332013 0.020000
1002896 177.008440 54.610713 0.020000
1002897 177.028190 1.748393 0.020000
1002898 177.079990 15.170913 0.020000
1002899 177.192000 23.750883 0.020000
1002900 177.192770 53.118633 0.020000
