1003601 202.757770 29.571513 0.020000
1003602 202.774190 -9.486457 0.020000
1003603 202.792950 27.247023 0.020000
1003604 202.837830 -16.152077 0.020000
1003605 202.982990 23.934773 0.020000
1003606 203.007780 9.251173 0.020000
1003607 203.037210 34.724253 0.020000
1003608 203.055960 26.458643 0.020000
1003609 203.066830 7.053583 0.020000
1003610 203.122120 24.232163 0.020000
1003611 203.123330 46.467653 0.020000
1003612 203.166960 9.075773 0.020000
1003613 203.188460 47.406633 0.020000
1003614 203.204590 27.045833 0.020000
1003615 203.230820 20.083363 0.020000
1003616 203.315410 60.958473 0.020000
1003617 203.345570 58.758723 0.020000
1003618 203.399690 28.202353 0.020000
1003619 203.403560 -17.851917 0.020000
1003620 203.456720 26.168603 0.020000
