1004681 252.350030 29.679913 0.020000
1004682 252.356940 5.913353 0.020000
1004683 252.372240 28.603773 0.020000
1004684 252.396710 26.596253 0.020000
1004685 252.427880 23.116153 0.020000
1004686 252.459920 4.009673 0.020000
1004687 252.511590 43.971033 0.020000
1004688 252.518730 24.596513 0.020000
1004689 252.528870 39.498733 0.020000
1004690 252.623130 45.771933 0.020000
1004691 252.633220 49.762243 0.020000
1004692 252.727500 51.525943 0.020000
1004693 253.005500 24.808583 0.020000
1004694 253.057170 36.052853 0.020000
1004695 253.087320 -6.712097 0.020000
1004696 253.151160 46.120823 0.020000
1004697 253.243650 39.080703 0.020000
1004698 253.297400 -10.922487 0.020000
1004699 253.382960 -5.132307 0.020000
1004700 253.407880 0.853313 0.020000
