1001921 136.771630 11.875473 0.020000
1001922 136.827100 3.857063 0.020000
1001923 136.869170 33.111513 0.020000
1001924 136.997260 41.456573 0.020000
1001925 137.176930 44.837463 0.020000
1001926 137.217380 7.311103 0.020000
1001927 137.259110 16.598233 0.020000
1001928 137.268250 9.320423 0.020000
1001929 137.283310 11.220923 0.020000
1001930 137.346150 40.132103 0.020000
1001931 137.353500 49.688603 0.020000
1001932 137.354550 49.689243 0.020000
1001933 137.375210 -12.770777 0.020000
1001934 137.460480 18.863083 0.020000
1001935 137.473540 -20.923697 0.020000
1001936 137.495560 14.053623 0.020000
1001937 137.506870 16.838723 0.020000
1001938 137.507520 52.348993 0.020000
1001939 137.512840 1.634243 0.020000
1001940 137.572720 -20.103487 0.020000
