1005041 321.553120 3.929383 0.020000
1005042 321.568480 12.101143 0.020000
1005043 321.604670 20.363453 0.020000
1005044 321.638900 8.949763 0.020000
1005045 321.712040 11.257703 0.020000
1005046 321.727270 -1.314987 0.020000
1005047 321.900560 12.062233 0.020000
1005048 321.921000 20.034233 0.020000
1005049 321.933580 13.748373 0.020000
1005050 322.025570 2.572483 0.020000
1005051 322.080460 -4.454807 0.020000
1005052 322.257180 5.333383 0.020000
1005053 322.504740 -7.544557 0.020000
1005054 322.523840 3.548493 0.020000
1005055 322.602630 -2.954907 0.020000
1005056 322.945660 20.071213 0.020000
1005057 323.001720 -0.546547 0.020000
1005058 323.163190 3.392943 0.020000
1005059 323.204570 12.872903 0.020000
1005060 323.224050 21.566613 0.020000
