1004081 221.076620 -20.295577 0.020000
1004082 221.077380 -20.295037 0.020000
1004083 221.078890 48.741193 0.020000
1004084 221.175370 49.762623 0.020000
1004085 221.221070 -13.155007 0.020000
1004086 221.263360 27.478023 0.020000
1004087 221.377380 4.531543 0.020000
1004088 221.426030 33.658523 0.020000
1004089 221.444440 -5.976147 0.020000
1004090 221.472200 -16.450527 0.020000
1004091 221.494330 20.172343 0.020000
1004092 221.505990 46.588533 0.020000
1004093 221.512100 35.491773 0.020000
1004094 221.516370 23.371753 0.020000
1004095 221.550030 16.917383 0.020000
1004096 221.759960 9.993723 0.020000
1004097 221.762360 3.864083 0.020000
1004098 221.772960 46.089483 0.020000
1004099 221.778680 4.641453 0.020000
1004100 221.825600 21.950473 0.020000
