1000641 31.406660 26.751193 0.020000
1000642 31.484690 15.318043 0.020000
1000643 31.485930 40.170383 0.020000
1000644 31.513780 25.659083 0.020000
1000645 31.541680 20.817153 0.020000
1000646 31.564100 18.640793 0.020000
1000647 31.564640 18.640723 0.020000
1000648 31.608580 -11.811017 0.020000
1000649 31.623790 -8.129107 0.020000
1000650 31.639400 20.985383 0.020000
1000651 31.727430 15.608353 0.020000
1000652 31.760490 20.887273 0.020000
1000653 31.889030 -24.000437 0.020000
1000654 31.911890 -10.763607 0.020000
1000655 32.017620 37.571273 0.020000
1000656 32.125460 12.771803 0.020000
1000657 32.127020 -10.251197 0.020000
1000658 32.196770 36.040163 0.020000
1000659 32.199680 28.862833 0.020000
1000660 32.240180 32.711033 0.020000
