1001701 123.437910 3.655883 0.020000
1001702 123.535110 9.166443 0.020000
1001703 123.554790 27.360823 0.020000
1001704 123.556620 24.427833 0.020000
1001705 123.562170 8.113953 0.020000
1001706 123.578770 -0.806147 0.020000
1001707 123.605700 20.390463 0.020000
1001708 123.631530 42.299893 0.020000
1001709 123.698950 31.966693 0.020000
1001710 123.792100 17.699583 0.020000
1001711 123.806670 -4.874557 0.020000
1001712 123.833780 17.762293 0.020000
1001713 123.858820 58.742863 0.020000
1001714 123.910890 24.654843 0.020000
1001715 123.929850 -0.669067 0.020000
1001716 124.010250 58.840023 0.020000
1001717 124.141530 44.452533 0.020000
1001718 124.249040 51.243083 0.020000
1001719 124.301030 5.902213 0.020000
1001720 124.529380 20.155323 0.020000
