1001201 62.910780 23.405623 0.020000
1001202 62.980450 41.181933 0.020000
1001203 63.090730 -12.688507 0.020000
1001204 63.119670 2.710573 0.020000
1001205 63.305460 6.521213 0.020000
1001206 63.404210 10.381933 0.020000
1001207 63.443580 37.184843 0.020000
1001208 63.458260 9.787583 0.020000
1001209 63.732130 21.978633 0.020000
1001210 63.887620 21.495403 0.020000
1001211 63.928510 -7.605337 0.020000
1001212 63.936700 28.283393 0.020000
1001213 64.019620 30.021643 0.020000
1001214 64.153610 29.501703 0.020000
1001215 64.277790 12.430173 0.020000
1001216 64.307840 -3.648977 0.020000
1001217 64.363520 28.363033 0.020000
1001218 64.394070 -6.199237 0.020000
1001219 64.460190 -4.761577 0.020000
1001220 64.829630 14.487123 0.020000
