1001441 84.235340 -11.493717 0.020000
1001442 84.462050 -6.753367 0.020000
1001443 84.527460 -22.163007 0.020000
1001444 84.714640 -7.990967 0.020000
1001445 84.838160 -7.062727 0.020000
1001446 84.912330 6.247313 0.020000
1001447 85.155980 -2.056237 0.020000
1001448 85.245140 -7.767237 0.020000
1001449 85.395840 1.652213 0.020000
1001450 85.552290 -5.427887 0.020000
1001451 85.737780 -9.814097 0.020000
1001452 85.755380 -16.636497 0.020000
1001453 86.290730 6.812353 0.020000
1001454 86.492730 2.385113 0.020000
1001455 86.575050 0.236653 0.020000
1001456 86.687510 0.225723 0.020000
1001457 86.796480 -19.390367 0.020000
1001458 86.798940 -15.972477 0.020000
1001459 86.800620 -17.673157 0.020000
1001460 86.929260 0.716313 0.020000
