1003301 191.940810 16.214293 0.020000
1003302 191.996530 9.702123 0.020000
1003303 192.024090 18.617453 0.020000
1003304 192.035100 -26.632887 0.020000
1003305 192.080690 7.380523 0.020000
1003306 192.106620 32.291053 0.020000
1003307 192.111800 64.510283 0.020000
1003308 192.187790 6.377183 0.020000
1003309 192.194750 5.029543 0.020000
1003310 192.205450 2.684763 0.020000
1003311 192.211510 48.698183 0.020000
1003312 192.278050 0.561673 0.020000
1003313 192.280700 12.647603 0.020000
1003314 192.413230 13.803513 0.020000
1003315 192.464100 44.530643 0.020000
1003316 192.475890 6.377953 0.020000
1003317 192.576700 -10.802487 0.020000
1003318 192.581420 6.549403 0.020000
1003319 192.626490 -10.833707 0.020000
1003320 192.630850 9.171383 0.020000
