1000441 22.587480 -3.870017 0.020000
1000442 22.728390 -1.668937 0.020000
1000443 22.827200 20.702203 0.020000
1000444 22.880060 10.054393 0.020000
1000445 22.918800 -0.618477 0.020000
1000446 22.959650 -22.259967 0.020000
1000447 23.011640 -10.699237 0.020000
1000448 23.142650 24.179173 0.020000
1000449 23.150280 -9.705427 0.020000
1000450 23.163950 30.522783 0.020000
1000451 23.172040 34.669273 0.020000
1000452 23.183540 30.417223 0.020000
1000453 23.228400 -1.590927 0.020000
1000454 23.238710 30.440183 0.020000
1000455 23.285380 30.416443 0.020000
1000456 23.286190 13.576113 0.020000
1000457 23.286320 38.571433 0.020000
1000458 23.296690 30.702953 0.020000
1000459 23.363790 30.724233 0.020000
1000460 23.376230 30.509323 0.020000
