1001901 135.875410 -0.505137 0.020000
1001902 135.884860 22.900033 0.020000
1001903 135.961350 33.043353 0.020000
1001904 136.012780 9.124423 0.020000
1001905 136.310570 10.283983 0.020000
1001906 136.316870 12.114223 0.020000
1001907 136.433910 67.592683 0.020000
1001908 136.435260 67.593583 0.020000
1001909 136.478080 -5.568857 0.020000
1001910 136.502920 29.375703 0.020000
1001911 136.513850 8.290063 0.020000
1001912 136.526830 0.109763 0.020000
1001913 136.547400 24.316513 0.020000
1001914 136.597980 -8.827927 0.020000
1001915 136.617690 5.482483 0.020000
1001916 136.641470 16.426713 0.020000
1001917 136.642820 20.870583 0.020000
1001918 136.645780 29.737483 0.020000
1001919 136.713910 13.261753 0.020000
1001920 136.751680 31.784673 0.020000
