1004761 257.599720 26.430103 0.020000
1004762 257.676440 46.954903 0.020000
1004763 257.721170 19.543783 0.020000
1004764 257.761540 38.134353 0.020000
1004765 258.012200 27.936383 0.020000
1004766 258.096220 36.454403 0.020000
1004767 258.151650 61.591443 0.020000
1004768 258.195170 41.227463 0.020000
1004769 258.207860 31.152103 0.020000
1004770 258.242030 -6.015767 0.020000
1004771 258.529850 60.823213 0.020000
1004772 258.579920 44.032013 0.020000
1004773 258.629060 31.190343 0.020000
1004774 258.693540 6.417703 0.020000
1004775 258.740650 34.831613 0.020000
1004776 258.987960 -7.759507 0.020000
1004777 259.133930 10.297703 0.020000
1004778 259.166900 11.512723 0.020000
1004779 259.192680 41.750203 0.020000
1004780 259.225320 31.597383 0.020000
