1001501 99.664920 40.973243 0.020000
1001502 99.687810 67.372903 0.020000
1001503 99.823500 57.419603 0.020000
1001504 100.006590 35.879143 0.020000
1001505 100.773810 55.110223 0.020000
1001506 100.924530 52.242683 0.020000
1001507 101.534300 40.584753 0.020000
1001508 101.613010 41.097813 0.020000
1001509 101.678920 41.383253 0.020000
1001510 101.744470 48.547533 0.020000
1001511 101.856920 49.295003 0.020000
1001512 101.872050 49.874243 0.020000
1001513 102.018790 41.817153 0.020000
1001514 102.273420 37.142303 0.020000
1001515 102.273810 37.141243 0.020000
1001516 102.273950 37.140383 0.020000
1001517 102.538260 35.002193 0.020000
1001518 102.652530 41.548093 0.020000
1001519 104.045210 56.106203 0.020000
1001520 104.735610 50.859873 0.020000
