1004001 218.170000 43.011533 0.020000
1004002 218.175400 12.126363 0.020000
1004003 218.185070 9.920093 0.020000
1004004 218.247900 20.272653 0.020000
1004005 218.292530 33.939323 0.020000
1004006 218.361480 20.042733 0.020000
1004007 218.466610 -16.719807 0.020000
1004008 218.495010 40.273073 0.020000
1004009 218.646980 22.080583 0.020000
1004010 218.665880 19.900253 0.020000
1004011 218.681350 30.120063 0.020000
1004012 218.750940 -0.735087 0.020000
1004013 218.753160 -7.288287 0.020000
1004014 218.780010 16.929993 0.020000
1004015 218.780990 16.930263 0.020000
1004016 218.781310 13.388513 0.020000
1004017 218.781910 16.930453 0.020000
1004018 218.793920 13.862913 0.020000
1004019 218.995110 30.624203 0.020000
1004020 219.014310 31.481333 0.020000
