1002121 146.989050 13.312343 0.020000
1002122 146.999260 6.212273 0.020000
1002123 147.103300 20.759223 0.020000
1002124 147.213820 -12.242177 0.020000
1002125 147.224830 1.853013 0.020000
1002126 147.342890 8.144043 0.020000
1002127 147.342950 8.142183 0.020000
1002128 147.342970 8.143093 0.020000
1002129 147.343050 8.143053 0.020000
1002130 147.344700 9.670703 0.020000
1002131 147.372400 30.910603 0.020000
1002132 147.409400 14.792953 0.020000
1002133 147.553280 50.479373 0.020000
1002134 147.784380 27.627153 0.020000
1002135 147.794210 34.868573 0.020000
1002136 147.991890 1.781393 0.020000
1002137 148.153510 6.091293 0.020000
1002138 148.171910 35.366873 0.020000
1002139 148.190430 -16.004247 0.020000
1002140 148.203440 6.667663 0.020000
