1002221 151.341630 29.054993 0.020000
1002222 151.351230 13.365683 0.020000
1002223 151.352230 51.310753 0.020000
1002224 151.379440 -1.478277 0.020000
1002225 151.396300 29.019013 0.020000
1002226 151.422790 37.886523 0.020000
1002227 151.517840 8.726283 0.020000
1002228 151.576950 17.713173 0.020000
1002229 151.621380 22.478943 0.020000
1002230 151.626290 23.972783 0.020000
1002231 151.689610 1.878063 0.020000
1002232 151.728330 -14.393837 0.020000
1002233 151.730100 30.358813 0.020000
1002234 151.743330 23.656743 0.020000
1002235 151.762320 17.906803 0.020000
1002236 151.911700 38.726783 0.020000
1002237 151.914570 21.691773 0.020000
1002238 151.949290 35.820173 0.020000
1002239 151.964220 28.426603 0.020000
1002240 151.985820 31.481193 0.020000
