1001241 66.506930 -7.571287 0.020000
1001242 66.550940 -6.534647 0.020000
1001243 66.582610 3.639123 0.020000
1001244 66.589380 4.572513 0.020000
1001245 66.718740 0.238483 0.020000
1001246 66.763740 -6.139787 0.020000
1001247 66.882050 18.872973 0.020000
1001248 66.948220 4.985733 0.020000
1001249 66.956700 26.533963 0.020000
1001250 67.023820 -8.470417 0.020000
1001251 67.390320 31.524483 0.020000
1001252 67.472720 35.296843 0.020000
1001253 67.493640 16.589253 0.020000
1001254 67.583110 9.921613 0.020000
1001255 67.599150 35.386643 0.020000
1001256 67.709300 31.719713 0.020000
1001257 67.801860 -3.214327 0.020000
1001258 67.913000 11.461383 0.020000
1001259 67.922840 35.706623 0.020000
1001260 67.935550 -21.815537 0.020000
