1000501 24.724360 5.410533 0.020000
1000502 24.768680 -0.586717 0.020000
1000503 24.769420 19.533983 0.020000
1000504 24.804220 -2.844617 0.020000
1000505 24.828680 17.271703 0.020000
1000506 24.883380 33.860013 0.020000
1000507 24.935410 6.029733 0.020000
1000508 25.099640 -11.552947 0.020000
1000509 25.112220 7.291413 0.020000
1000510 25.170080 -8.352957 0.020000
1000511 25.216750 16.461213 0.020000
1000512 25.319630 30.301913 0.020000
1000513 25.332790 -9.528717 0.020000
1000514 25.405240 11.708453 0.020000
1000515 25.460010 9.172663 0.020000
1000516 25.530890 37.420653 0.020000
1000517 25.686530 21.691243 0.020000
1000518 25.743510 27.602913 0.020000
1000519 25.769540 26.675833 0.020000
1000520 25.949260 18.247673 0.020000
