1002421 159.423700 10.328113 0.020000
1002422 159.424430 33.013673 0.020000
1002423 159.459400 48.246183 0.020000
1002424 159.468840 11.967243 0.020000
1002425 159.636670 23.400613 0.020000
1002426 159.667970 18.742743 0.020000
1002427 159.691060 39.493143 0.020000
1002428 159.705700 -20.327307 0.020000
1002429 159.855030 38.723723 0.020000
1002430 159.856010 18.392533 0.020000
1002431 159.924810 20.570993 0.020000
1002432 159.927730 8.951993 0.020000
1002433 159.945790 -5.082757 0.020000
1002434 160.045260 22.659853 0.020000
1002435 160.068920 -3.029857 0.020000
1002436 160.098240 33.392913 0.020000
1002437 160.109010 20.140233 0.020000
1002438 160.131720 6.322733 0.020000
1002439 160.213440 15.226043 0.020000
1002440 160.313880 18.451063 0.020000
