1005301 342.414880 -10.119477 0.020000
1005302 342.479320 13.505893 0.020000
1005303 342.498550 -12.821337 0.020000
1005304 342.626020 32.252733 0.020000
1005305 342.685260 -28.077577 0.020000
1005306 342.850860 29.696143 0.020000
1005307 342.851830 29.696233 0.020000
1005308 342.879400 15.481803 0.020000
1005309 343.048270 -11.820887 0.020000
1005310 343.355250 -18.631857 0.020000
1005311 343.400040 4.486273 0.020000
1005312 343.479750 -6.750447 0.020000
1005313 343.480580 -6.750697 0.020000
1005314 343.481780 -6.750997 0.020000
1005315 343.482610 -6.751257 0.020000
1005316 343.483530 -6.751497 0.020000
1005317 343.526940 9.420823 0.020000
1005318 343.544380 32.226253 0.020000
1005319 343.630900 19.246883 0.020000
1005320 343.814000 24.203113 0.020000
