1005321 343.994980 -5.347417 0.020000
1005322 344.167570 38.212173 0.020000
1005323 344.199400 -27.690387 0.020000
1005324 344.430530 37.085473 0.020000
1005325 344.442580 17.439983 0.020000
1005326 344.574380 -9.079027 0.020000
1005327 344.584580 2.324963 0.020000
1005328 344.646300 3.824243 0.020000
1005329 344.681160 11.186573 0.020000
1005330 344.837340 27.963103 0.020000
1005331 344.890240 10.641983 0.020000
1005332 344.895160 -13.961057 0.020000
1005333 344.914660 2.183053 0.020000
1005334 345.093200 2.932573 0.020000
1005335 345.104630 41.555243 0.020000
1005336 345.160300 -1.263857 0.020000
1005337 345.245200 33.823773 0.020000
1005338 345.283330 -1.934647 0.020000
1005339 345.314180 22.719803 0.020000
1005340 345.353860 1.661733 0.020000
