1003921 214.791250 -7.273207 0.020000
1003922 214.791940 -7.272687 0.020000
1003923 214.792200 20.421393 0.020000
1003924 214.843440 -8.608457 0.020000
1003925 214.891360 2.779313 0.020000
1003926 214.897130 34.553533 0.020000
1003927 214.965020 25.965533 0.020000
1003928 215.027520 11.865383 0.020000
1003929 215.050110 1.018833 0.020000
1003930 215.084810 -9.267477 0.020000
1003931 215.088810 29.233153 0.020000
1003932 215.094400 25.248523 0.020000
1003933 215.100490 37.051673 0.020000
1003934 215.130640 12.354893 0.020000
1003935 215.130710 12.354973 0.020000
1003936 215.140390 -3.701307 0.020000
1003937 215.160760 46.075373 0.020000
1003938 215.173760 3.300423 0.020000
1003939 215.212660 36.989153 0.020000
1003940 215.213770 36.989023 0.020000
