1003901 213.882850 4.689263 0.020000
1003902 213.897820 -7.057657 0.020000
1003903 213.918700 46.727213 0.020000
1003904 213.931560 -18.934957 0.020000
1003905 213.953320 9.098453 0.020000
1003906 213.959000 10.609863 0.020000
1003907 214.207020 33.063173 0.020000
1003908 214.237740 24.394883 0.020000
1003909 214.296800 7.394043 0.020000
1003910 214.299920 -18.024367 0.020000
1003911 214.376860 26.782693 0.020000
1003912 214.416190 10.850893 0.020000
1003913 214.420660 8.409013 0.020000
1003914 214.458390 5.367693 0.020000
1003915 214.458520 5.367603 0.020000
1003916 214.555200 9.823893 0.020000
1003917 214.619030 35.747023 0.020000
1003918 214.672900 12.593853 0.020000
1003919 214.706640 -24.517947 0.020000
1003920 214.741140 14.804783 0.020000
