1005281 341.233200 18.999793 0.020000
1005282 341.272360 1.296503 0.020000
1005283 341.291160 -1.804697 0.020000
1005284 341.364200 10.692413 0.020000
1005285 341.375070 -7.301947 0.020000
1005286 341.453770 10.066333 0.020000
1005287 341.492360 -0.615097 0.020000
1005288 341.509900 -16.116117 0.020000
1005289 341.613110 -6.626317 0.020000
1005290 341.698990 6.976293 0.020000
1005291 341.761330 -1.249257 0.020000
1005292 341.901660 25.110073 0.020000
1005293 341.944470 -1.547187 0.020000
1005294 341.974630 23.955983 0.020000
1005295 342.000900 6.990223 0.020000
1005296 342.060310 33.240073 0.020000
1005297 342.098600 -9.316287 0.020000
1005298 342.151530 4.550113 0.020000
1005299 342.392650 37.964953 0.020000
1005300 342.399320 -8.239927 0.020000
