1002181 149.701230 34.817573 0.020000
1002182 149.834120 -8.272617 0.020000
1002183 149.836310 0.767843 0.020000
1002184 149.860190 -15.996507 0.020000
1002185 149.880470 19.244733 0.020000
1002186 149.909300 51.650213 0.020000
1002187 149.921700 17.820653 0.020000
1002188 149.940200 34.183053 0.020000
1002189 150.056480 17.899943 0.020000
1002190 150.118880 7.221113 0.020000
1002191 150.124030 -17.447857 0.020000
1002192 150.152940 43.379333 0.020000
1002193 150.163720 10.789903 0.020000
1002194 150.172040 43.267543 0.020000
1002195 150.267340 7.178103 0.020000
1002196 150.292470 29.227083 0.020000
1002197 150.322250 26.852743 0.020000
1002198 150.345540 27.031123 0.020000
1002199 150.363680 41.993433 0.020000
1002200 150.364260 24.363103 0.020000
