1003761 208.043890 46.505593 0.020000
1003762 208.073100 -4.166857 0.020000
1003763 208.079090 28.188103 0.020000
1003764 208.138580 13.611833 0.020000
1003765 208.205330 66.849273 0.020000
1003766 208.231700 12.683013 0.020000
1003767 208.299810 0.375183 0.020000
1003768 208.307250 21.361333 0.020000
1003769 208.329970 6.830233 0.020000
1003770 208.400030 -2.311967 0.020000
1003771 208.421500 40.768633 0.020000
1003772 208.441270 35.531793 0.020000
1003773 208.503360 30.808213 0.020000
1003774 208.525650 25.739963 0.020000
1003775 208.578480 27.634153 0.020000
1003776 208.584680 59.056193 0.020000
1003777 208.588490 28.704253 0.020000
1003778 208.612690 31.000743 0.020000
1003779 208.689140 -0.487827 0.020000
1003780 208.754300 41.648543 0.020000
