1004521 242.273510 -10.023237 0.020000
1004522 242.315880 -9.554527 0.020000
1004523 242.386100 -9.800437 0.020000
1004524 242.504190 41.101913 0.020000
1004525 242.598370 47.111183 0.020000
1004526 242.615130 9.160703 0.020000
1004527 242.617060 -0.653957 0.020000
1004528 242.617420 -0.653147 0.020000
1004529 242.617880 -0.652317 0.020000
1004530 242.624490 24.084633 0.020000
1004531 242.748590 34.889553 0.020000
1004532 242.914290 55.976853 0.020000
1004533 242.942790 17.267013 0.020000
1004534 243.035440 34.310003 0.020000
1004535 243.088620 -15.127387 0.020000
1004536 243.156200 46.600623 0.020000
1004537 243.268240 1.390213 0.020000
1004538 243.334910 33.353243 0.020000
1004539 243.584510 -19.080187 0.020000
1004540 243.602870 2.277603 0.020000
