1005021 319.089140 8.820383 0.020000
1005022 319.149100 -7.786247 0.020000
1005023 319.496970 -2.589657 0.020000
1005024 319.691620 12.130093 0.020000
1005025 319.705930 -5.919677 0.020000
1005026 319.728230 7.983253 0.020000
1005027 319.746110 11.371393 0.020000
1005028 319.903910 3.570033 0.020000
1005029 320.104660 19.732423 0.020000
1005030 320.165280 -16.764457 0.020000
1005031 320.392080 -19.031537 0.020000
1005032 320.392110 -19.031567 0.020000
1005033 320.392620 -19.030857 0.020000
1005034 320.806410 -2.213107 0.020000
1005035 321.005360 2.065173 0.020000
1005036 321.095890 15.422043 0.020000
1005037 321.257200 6.826923 0.020000
1005038 321.340640 -10.407617 0.020000
1005039 321.479460 -3.368317 0.020000
1005040 321.482750 12.424383 0.020000
