1001461 87.048890 -18.213817 0.020000
1001462 87.099950 -6.127117 0.020000
1001463 87.383940 -21.891427 0.020000
1001464 88.089530 -22.557987 0.020000
1001465 88.173450 -12.783087 0.020000
1001466 88.354340 -10.425047 0.020000
1001467 88.791230 -4.141647 0.020000
1001468 88.791520 -4.142837 0.020000
1001469 88.791600 -4.143687 0.020000
1001470 88.791960 -4.144897 0.020000
1001471 88.792220 -4.146097 0.020000
1001472 89.104160 5.392673 0.020000
1001473 89.369260 -13.684647 0.020000
1001474 89.375260 0.287173 0.020000
1001475 89.552350 2.715903 0.020000
1001476 89.678260 0.140543 0.020000
1001477 89.897540 -8.148627 0.020000
1001478 89.943330 -18.263057 0.020000
1001479 90.129060 -10.835567 0.020000
1001480 90.156610 -8.129097 0.020000
