1001281 69.621260 0.704413 0.020000
1001282 69.770500 24.188733 0.020000
1001283 69.850540 -5.501397 0.020000
1001284 69.859200 9.175433 0.020000
1001285 69.874910 -4.566737 0.020000
1001286 70.032310 12.547583 0.020000
1001287 70.087970 14.665773 0.020000
1001288 70.107560 -12.596357 0.020000
1001289 70.113100 2.583623 0.020000
1001290 70.177060 30.706883 0.020000
1001291 70.203380 7.788553 0.020000
1001292 70.204300 6.553213 0.020000
1001293 70.411730 25.973713 0.020000
1001294 70.460940 -8.102187 0.020000
1001295 70.469550 23.163423 0.020000
1001296 70.566810 -0.359417 0.020000
1001297 70.723040 29.514623 0.020000
1001298 70.740740 -3.556557 0.020000
1001299 70.918560 19.272193 0.020000
1001300 70.939290 -21.109387 0.020000
