1001801 130.682880 44.573443 0.020000
1001802 130.716610 13.201063 0.020000
1001803 130.839340 37.926143 0.020000
1001804 130.866090 30.429343 0.020000
1001805 130.913770 16.210573 0.020000
1001806 130.991920 42.877013 0.020000
1001807 131.000390 2.688533 0.020000
1001808 131.056870 -1.435327 0.020000
1001809 131.147270 53.108643 0.020000
1001810 131.172880 -6.293147 0.020000
1001811 131.178860 37.168043 0.020000
1001812 131.197900 37.594123 0.020000
1001813 131.311700 27.856533 0.020000
1001814 131.328170 19.173313 0.020000
1001815 131.352650 31.904613 0.020000
1001816 131.438900 -5.158267 0.020000
1001817 131.479370 3.691463 0.020000
1001818 131.532220 1.328583 0.020000
1001819 131.559310 22.950503 0.020000
1001820 131.570060 31.298823 0.020000
