1004401 235.366520 30.763973 0.020000
1004402 235.384760 17.273723 0.020000
1004403 235.463340 -6.973357 0.020000
1004404 235.499870 23.967593 0.020000
1004405 235.521220 33.626613 0.020000
1004406 235.531950 17.380803 0.020000
1004407 235.589820 12.209393 0.020000
1004408 235.743160 -2.084677 0.020000
1004409 235.743260 2.314623 0.020000
1004410 235.792540 9.359483 0.020000
1004411 235.793440 4.958623 0.020000
1004412 235.794000 43.631203 0.020000
1004413 235.825070 -20.230997 0.020000
1004414 235.932980 -9.442767 0.020000
1004415 235.968800 18.235943 0.020000
1004416 235.975470 -14.595767 0.020000
1004417 236.018000 14.857583 0.020000
1004418 236.039110 50.430913 0.020000
1004419 236.075200 8.810953 0.020000
1004420 236.098850 -1.624217 0.020000
