1000581 29.148580 1.838013 0.020000
1000582 29.219570 4.426363 0.020000
1000583 29.219610 1.882643 0.020000
1000584 29.222450 32.194483 0.020000
1000585 29.227140 3.566403 0.020000
1000586 29.234570 41.408743 0.020000
1000587 29.266880 26.823453 0.020000
1000588 29.300830 22.767303 0.020000
1000589 29.338950 9.067573 0.020000
1000590 29.376180 8.453903 0.020000
1000591 29.519800 -0.839367 0.020000
1000592 29.532660 9.644533 0.020000
1000593 29.551490 -4.212817 0.020000
1000594 29.557030 -15.701157 0.020000
1000595 29.659590 -7.497167 0.020000
1000596 29.699090 -10.902747 0.020000
1000597 29.723480 5.623423 0.020000
1000598 29.737370 -7.249517 0.020000
1000599 29.760530 17.419593 0.020000
1000600 29.799760 28.414543 0.020000
