1004881 268.539910 37.988223 0.020000
1004882 269.032120 26.959643 0.020000
1004883 269.138780 57.524153 0.020000
1004884 269.202990 34.766563 0.020000
1004885 269.226460 35.547493 0.020000
1004886 269.472480 34.741023 0.020000
1004887 269.677990 31.657123 0.020000
1004888 269.754770 39.964173 0.020000
1004889 269.836400 40.452273 0.020000
1004890 269.885840 33.616153 0.020000
1004891 270.165530 31.796403 0.020000
1004892 270.204180 52.576463 0.020000
1004893 270.411070 38.330653 0.020000
1004894 270.693530 37.546543 0.020000
1004895 270.693710 37.545703 0.020000
1004896 271.443030 31.704973 0.020000
1004897 271.543260 29.732823 0.020000
1004898 272.018610 38.804773 0.020000
1004899 272.186380 34.490023 0.020000
1004900 272.293740 43.706403 0.020000
