1000981 49.989600 -14.752197 0.020000
1000982 50.124080 21.341343 0.020000
1000983 50.138340 6.751433 0.020000
1000984 50.252530 15.402843 0.020000
1000985 50.285830 6.549253 0.020000
1000986 50.369050 18.174193 0.020000
1000987 50.406620 26.647293 0.020000
1000988 50.482750 -0.955767 0.020000
1000989 50.502940 8.765833 0.020000
1000990 50.518610 2.972813 0.020000
1000991 50.595320 30.608173 0.020000
1000992 50.814040 25.150953 0.020000
1000993 50.830410 -5.549437 0.020000
1000994 51.145950 -10.107907 0.020000
1000995 51.238790 -20.548937 0.020000
1000996 51.297070 -1.791267 0.020000
1000997 51.328250 -23.675937 0.020000
1000998 51.403270 22.433403 0.020000
1000999 51.500260 -0.688887 0.020000
1001000 51.508310 -0.796657 0.020000
