1002041 142.445040 35.100893 0.020000
1002042 142.453320 15.487293 0.020000
1002043 142.613850 41.262613 0.020000
1002044 142.634530 20.641473 0.020000
1002045 142.646790 6.769243 0.020000
1002046 142.931010 -15.212077 0.020000
1002047 143.024770 27.978023 0.020000
1002048 143.043400 37.805223 0.020000
1002049 143.125470 17.722163 0.020000
1002050 143.210530 12.837003 0.020000
1002051 143.257300 15.852443 0.020000
1002052 143.308370 14.222463 0.020000
1002053 143.321920 2.388513 0.020000
1002054 143.405780 32.232963 0.020000
1002055 143.421640 58.803893 0.020000
1002056 143.423130 30.704383 0.020000
1002057 143.442590 64.637613 0.020000
1002058 143.456000 -16.020477 0.020000
1002059 143.456130 -16.019527 0.020000
1002060 143.486840 38.843253 0.020000
