1001561 110.904090 45.709193 0.020000
1001562 110.927390 22.035093 0.020000
1001563 111.341290 24.968793 0.020000
1001564 111.414840 54.554793 0.020000
1001565 111.488440 22.417163 0.020000
1001566 111.550830 46.467843 0.020000
1001567 111.715040 61.453973 0.020000
1001568 111.726950 18.455753 0.020000
1001569 111.967630 40.814573 0.020000
1001570 112.092770 56.354123 0.020000
1001571 112.103530 38.732433 0.020000
1001572 112.407150 46.824543 0.020000
1001573 112.466460 32.014033 0.020000
1001574 112.542440 29.153963 0.020000
1001575 112.616070 35.995103 0.020000
1001576 112.677070 48.227713 0.020000
1001577 112.695690 48.201843 0.020000
1001578 112.695940 48.202703 0.020000
1001579 112.731360 42.976533 0.020000
1001580 112.862930 41.082453 0.020000
