1002161 148.988670 43.916253 0.020000
1002162 149.096250 -9.570817 0.020000
1002163 149.143600 18.164293 0.020000
1002164 149.249740 60.331473 0.020000
1002165 149.322070 23.239963 0.020000
1002166 149.358740 37.119423 0.020000
1002167 149.368140 27.739183 0.020000
1002168 149.412990 12.588273 0.020000
1002169 149.448640 -13.294787 0.020000
1002170 149.489450 8.722513 0.020000
1002171 149.495870 -15.983647 0.020000
1002172 149.500000 19.984153 0.020000
1002173 149.525400 61.077163 0.020000
1002174 149.614950 41.226353 0.020000
1002175 149.623930 17.493093 0.020000
1002176 149.625550 -10.854277 0.020000
1002177 149.649730 28.215103 0.020000
1002178 149.654300 36.249173 0.020000
1002179 149.680000 42.838303 0.020000
1002180 149.692290 -7.120877 0.020000
