1005001 317.156690 -10.830037 0.020000
1005002 317.193510 -3.808667 0.020000
1005003 317.341700 -15.262867 0.020000
1005004 317.371440 -20.697707 0.020000
1005005 317.460350 13.844053 0.020000
1005006 317.475530 16.547783 0.020000
1005007 317.573520 9.083873 0.020000
1005008 317.716930 2.905633 0.020000
1005009 317.741720 -12.877847 0.020000
1005010 317.789730 -21.591397 0.020000
1005011 318.101140 -7.781137 0.020000
1005012 318.123120 12.567953 0.020000
1005013 318.411730 15.075713 0.020000
1005014 318.435920 -6.525267 0.020000
1005015 318.650810 -13.968347 0.020000
1005016 318.765380 -18.534597 0.020000
1005017 318.776180 -0.487807 0.020000
1005018 318.947320 16.232193 0.020000
1005019 318.961940 -0.087717 0.020000
1005020 318.991450 -4.424677 0.020000
