1004241 227.952240 -5.196507 0.020000
1004242 227.954040 14.555623 0.020000
1004243 227.956740 -10.206157 0.020000
1004244 228.067740 26.891543 0.020000
1004245 228.086540 -4.980887 0.020000
1004246 228.221490 45.366403 0.020000
1004247 228.334820 31.821023 0.020000
1004248 228.357380 -15.699967 0.020000
1004249 228.370210 14.989023 0.020000
1004250 228.408120 18.994603 0.020000
1004251 228.424230 16.135173 0.020000
1004252 228.453080 -2.322647 0.020000
1004253 228.550610 20.808933 0.020000
1004254 228.599490 13.578853 0.020000
1004255 228.605250 30.426013 0.020000
1004256 228.629540 6.720713 0.020000
1004257 228.652330 44.867833 0.020000
1004258 228.665060 28.455943 0.020000
1004259 228.698560 -4.688927 0.020000
1004260 228.723420 2.192793 0.020000
