1005081 324.992300 -15.228247 0.020000
1005082 325.026320 10.827423 0.020000
1005083 325.304620 -3.479737 0.020000
1005084 325.345740 8.031443 0.020000
1005085 325.726480 15.645073 0.020000
1005086 325.862520 -18.640177 0.020000
1005087 326.045630 -11.017247 0.020000
1005088 326.110120 22.373433 0.020000
1005089 326.299150 -12.311177 0.020000
1005090 326.587080 -13.734717 0.020000
1005091 326.666420 9.388683 0.020000
1005092 326.910020 24.798293 0.020000
1005093 326.950730 -9.638017 0.020000
1005094 327.014850 4.613253 0.020000
1005095 327.018330 8.197373 0.020000
1005096 327.057100 -12.277437 0.020000
1005097 327.126220 -12.805917 0.020000
1005098 327.177190 -0.089857 0.020000
1005099 327.210700 -2.073067 0.020000
1005100 327.338230 21.096123 0.020000
