1000521 26.014980 17.632263 0.020000
1000522 26.033280 12.836703 0.020000
1000523 26.094060 0.706713 0.020000
1000524 26.240220 16.375763 0.020000
1000525 26.263720 37.975883 0.020000
1000526 26.321020 15.299863 0.020000
1000527 26.382960 25.570913 0.020000
1000528 26.388130 4.333933 0.020000
1000529 26.409390 28.394603 0.020000
1000530 26.447320 -4.508267 0.020000
1000531 26.457700 17.333273 0.020000
1000532 26.460500 14.617193 0.020000
1000533 26.490940 -11.724027 0.020000
1000534 26.514270 -22.768527 0.020000
1000535 26.539310 -24.965867 0.020000
1000536 26.558120 27.481433 0.020000
1000537 26.610590 18.470673 0.020000
1000538 26.659480 4.257483 0.020000
1000539 26.670520 -1.700167 0.020000
1000540 26.731370 38.236023 0.020000
