1004041 219.861670 19.522753 0.020000
1004042 219.862890 19.522353 0.020000
1004043 219.898270 5.384713 0.020000
1004044 219.910510 -7.278557 0.020000
1004045 219.912330 13.572203 0.020000
1004046 219.945800 50.001453 0.020000
1004047 219.986920 -15.497367 0.020000
1004048 220.046010 49.826043 0.020000
1004049 220.088590 6.932293 0.020000
1004050 220.118760 36.534483 0.020000
1004051 220.158820 -22.202677 0.020000
1004052 220.217870 19.235923 0.020000
1004053 220.222220 50.173893 0.020000
1004054 220.311890 -3.881517 0.020000
1004055 220.369010 15.526433 0.020000
1004056 220.389780 -20.305787 0.020000
1004057 220.400970 21.996153 0.020000
1004058 220.437180 -5.085037 0.020000
1004059 220.484660 17.002753 0.020000
1004060 220.569180 23.890043 0.020000
