1004141 223.657250 0.325593 0.020000
1004142 223.759310 14.670953 0.020000
1004143 223.818150 18.752443 0.020000
1004144 223.895260 -15.535697 0.020000
1004145 223.895820 -15.534857 0.020000
1004146 223.896220 -15.533957 0.020000
1004147 223.896660 -15.533227 0.020000
1004148 223.972810 11.504483 0.020000
1004149 223.977900 -11.299247 0.020000
1004150 224.012170 -22.054067 0.020000
1004151 224.028580 23.413933 0.020000
1004152 224.055310 18.887603 0.020000
1004153 224.109430 17.952033 0.020000
1004154 224.112120 17.954503 0.020000
1004155 224.144790 39.717653 0.020000
1004156 224.149300 17.769573 0.020000
1004157 224.160450 17.494093 0.020000
1004158 224.246770 68.387673 0.020000
1004159 224.261780 48.932373 0.020000
1004160 224.278020 5.205083 0.020000
