1003621 203.458160 39.407723 0.020000
1003622 203.491330 24.153963 0.020000
1003623 203.531320 29.893583 0.020000
1003624 203.617920 33.084393 0.020000
1003625 203.656040 -12.014187 0.020000
1003626 203.689620 13.887143 0.020000
1003627 203.727040 11.017933 0.020000
1003628 203.727800 23.614573 0.020000
1003629 203.773730 18.522933 0.020000
1003630 203.870700 18.636643 0.020000
1003631 203.882880 2.931323 0.020000
1003632 203.951450 -21.364807 0.020000
1003633 203.972460 6.055463 0.020000
1003634 203.980640 44.584673 0.020000
1003635 204.033660 23.105763 0.020000
1003636 204.039380 34.088623 0.020000
1003637 204.116040 3.707803 0.020000
1003638 204.117140 3.708103 0.020000
1003639 204.118230 3.708423 0.020000
1003640 204.119030 3.708663 0.020000
