1003001 181.571340 -18.966127 0.020000
1003002 181.582670 -3.443967 0.020000
1003003 181.654870 -2.979477 0.020000
1003004 181.814210 -2.524987 0.020000
1003005 181.841410 25.147293 0.020000
1003006 181.881330 32.850803 0.020000
1003007 181.902560 20.737053 0.020000
1003008 182.004510 49.259173 0.020000
1003009 182.006730 49.644513 0.020000
1003010 182.015680 23.411473 0.020000
1003011 182.030170 35.374123 0.020000
1003012 182.164930 18.324823 0.020000
1003013 182.191730 -18.573207 0.020000
1003014 182.229050 -3.595507 0.020000
1003015 182.233480 16.453993 0.020000
1003016 182.254140 -5.452197 0.020000
1003017 182.281080 47.633683 0.020000
1003018 182.281190 47.625253 0.020000
1003019 182.465630 18.201933 0.020000
1003020 182.482290 29.931323 0.020000
