1002561 164.646140 5.818433 0.020000
1002562 164.649970 12.046753 0.020000
1002563 164.668130 30.082093 0.020000
1002564 164.686040 18.392073 0.020000
1002565 164.744190 27.371523 0.020000
1002566 164.785660 10.676393 0.020000
1002567 164.821650 29.979713 0.020000
1002568 164.848000 14.571603 0.020000
1002569 164.868810 12.655463 0.020000
1002570 164.879290 14.847233 0.020000
1002571 164.963050 21.919453 0.020000
1002572 165.031740 38.931143 0.020000
1002573 165.061370 13.297813 0.020000
1002574 165.140940 16.168863 0.020000
1002575 165.144710 37.513003 0.020000
1002576 165.159800 7.147353 0.020000
1002577 165.163000 32.402533 0.020000
1002578 165.262970 40.677523 0.020000
1002579 165.290030 28.958423 0.020000
1002580 165.335840 3.036563 0.020000
