1001661 120.141080 19.437913 0.020000
1001662 120.372190 10.747283 0.020000
1001663 120.532950 26.976253 0.020000
1001664 120.559680 7.537163 0.020000
1001665 120.672040 9.325363 0.020000
1001666 120.695710 41.825343 0.020000
1001667 120.716690 16.503663 0.020000
1001668 120.727000 25.612753 0.020000
1001669 120.766670 25.307823 0.020000
1001670 120.772910 34.975553 0.020000
1001671 120.773330 34.976353 0.020000
1001672 120.773550 34.977173 0.020000
1001673 120.773870 29.440783 0.020000
1001674 120.775360 11.889103 0.020000
1001675 120.779100 28.848923 0.020000
1001676 120.815970 21.537083 0.020000
1001677 121.118480 36.551173 0.020000
1001678 121.225840 37.164263 0.020000
1001679 121.307770 40.873493 0.020000
1001680 121.379870 32.350683 0.020000
