1003961 216.091890 9.599083 0.020000
1003962 216.093330 -7.601867 0.020000
1003963 216.110940 -6.529117 0.020000
1003964 216.154050 28.774413 0.020000
1003965 216.215340 32.993383 0.020000
1003966 216.306160 15.924423 0.020000
1003967 216.313750 -1.941187 0.020000
1003968 216.450220 15.283823 0.020000
1003969 216.478540 -22.601487 0.020000
1003970 216.571150 15.234183 0.020000
1003971 216.599090 -13.523687 0.020000
1003972 216.627880 34.506483 0.020000
1003973 216.697670 12.624763 0.020000
1003974 216.704760 11.051083 0.020000
1003975 216.891950 17.709193 0.020000
1003976 216.992090 11.442753 0.020000
1003977 217.041850 23.541893 0.020000
1003978 217.149260 -10.505637 0.020000
1003979 217.167950 31.921643 0.020000
1003980 217.178120 33.207633 0.020000
