1004641 250.008910 7.568773 0.020000
1004642 250.074350 8.172953 0.020000
1004643 250.290460 51.005473 0.020000
1004644 250.426670 29.233093 0.020000
1004645 250.444880 12.207163 0.020000
1004646 250.454400 47.597473 0.020000
1004647 250.516140 10.461403 0.020000
1004648 250.516340 10.462223 0.020000
1004649 250.525740 31.540823 0.020000
1004650 250.533410 32.135393 0.020000
1004651 250.604670 16.857803 0.020000
1004652 250.797520 64.012073 0.020000
1004653 250.976650 -13.223647 0.020000
1004654 251.015920 25.704153 0.020000
1004655 251.031940 26.853953 0.020000
1004656 251.055220 5.732873 0.020000
1004657 251.114160 28.982733 0.020000
1004658 251.170360 44.347513 0.020000
1004659 251.205960 20.027883 0.020000
1004660 251.254980 15.455443 0.020000
