1001681 121.465740 38.627203 0.020000
1001682 121.487060 38.593543 0.020000
1001683 121.754390 55.827493 0.020000
1001684 121.873720 15.611653 0.020000
1001685 122.000540 11.460833 0.020000
1001686 122.108170 31.723763 0.020000
1001687 122.192450 31.551703 0.020000
1001688 122.223860 35.881473 0.020000
1001689 122.398180 29.661273 0.020000
1001690 122.422370 17.291173 0.020000
1001691 122.627560 0.441283 0.020000
1001692 122.672600 -1.156457 0.020000
1001693 122.681450 40.458233 0.020000
1001694 122.772240 4.060513 0.020000
1001695 122.821380 15.367473 0.020000
1001696 123.031820 13.340183 0.020000
1001697 123.042670 4.097733 0.020000
1001698 123.152310 16.362643 0.020000
1001699 123.204380 46.316723 0.020000
1001700 123.227470 36.234553 0.020000
