1000201 11.089870 9.159613 0.020000
1000202 11.237560 32.870313 0.020000
1000203 11.251270 22.485553 0.020000
1000204 11.326440 18.930403 0.020000
1000205 11.527750 5.383323 0.020000
1000206 11.540890 35.294323 0.020000
1000207 11.558770 33.869423 0.020000
1000208 11.587850 -9.124357 0.020000
1000209 11.607200 38.373423 0.020000
1000210 11.806770 35.181293 0.020000
1000211 11.830070 -0.994887 0.020000
1000212 11.878580 -5.460897 0.020000
1000213 12.030040 26.805923 0.020000
1000214 12.053130 -13.925917 0.020000
1000215 12.079220 21.054323 0.020000
1000216 12.173900 -5.821867 0.020000
1000217 12.207430 7.798453 0.020000
1000218 12.228820 41.376493 0.020000
1000219 12.258320 7.823913 0.020000
1000220 12.294670 5.414333 0.020000
