1002961 179.586160 15.369653 0.020000
1002962 179.608210 -2.146957 0.020000
1002963 179.766080 -6.944897 0.020000
1002964 179.796930 -22.443697 0.020000
1002965 179.803180 -9.647487 0.020000
1002966 179.874680 -10.843517 0.020000
1002967 179.945950 12.227483 0.020000
1002968 180.098890 36.344153 0.020000
1002969 180.195060 23.952433 0.020000
1002970 180.220530 -15.405627 0.020000
1002971 180.279210 38.910053 0.020000
1002972 180.307060 3.469063 0.020000
1002973 180.434230 14.559933 0.020000
1002974 180.434310 14.559983 0.020000
1002975 180.455900 27.310033 0.020000
1002976 180.470000 -18.939367 0.020000
1002977 180.522580 37.368473 0.020000
1002978 180.553980 0.842793 0.020000
1002979 180.604580 26.845163 0.020000
1002980 180.631080 16.792753 0.020000
