1001481 90.677760 -10.759987 0.020000
1001482 91.153360 -12.594377 0.020000
1001483 91.560000 -2.349507 0.020000
1001484 91.783630 -6.026447 0.020000
1001485 92.103560 -9.275097 0.020000
1001486 92.330480 -6.665377 0.020000
1001487 92.606460 -16.449717 0.020000
1001488 93.248090 48.150843 0.020000
1001489 93.680360 57.312073 0.020000
1001490 94.187400 49.892363 0.020000
1001491 94.936870 61.021423 0.020000
1001492 95.313320 53.311143 0.020000
1001493 95.867000 61.470963 0.020000
1001494 96.208330 50.553063 0.020000
1001495 96.714510 52.162453 0.020000
1001496 98.604030 43.787203 0.020000
1001497 98.658010 41.379603 0.020000
1001498 98.914230 45.713983 0.020000
1001499 99.493400 34.532813 0.020000
1001500 99.572780 42.858493 0.020000
