1003021 182.522140 -2.895597 0.020000
1003022 182.748600 15.497833 0.020000
1003023 182.785840 49.369843 0.020000
1003024 182.829770 -8.632517 0.020000
1003025 182.850370 37.464573 0.020000
1003026 182.869310 37.444623 0.020000
1003027 182.888710 47.308063 0.020000
1003028 182.914000 46.696093 0.020000
1003029 182.914070 46.695823 0.020000
1003030 182.950480 50.504283 0.020000
1003031 182.958890 15.947593 0.020000
1003032 183.073160 18.305733 0.020000
1003033 183.115980 32.198453 0.020000
1003034 183.213330 30.923593 0.020000
1003035 183.213520 30.923433 0.020000
1003036 183.213680 30.923403 0.020000
1003037 183.224810 5.769633 0.020000
1003038 183.277000 10.915543 0.020000
1003039 183.396020 21.534873 0.020000
1003040 183.405670 46.517083 0.020000
