1001861 133.806700 -8.127677 0.020000
1001862 133.842990 4.176993 0.020000
1001863 133.845690 52.947543 0.020000
1001864 133.884950 37.238933 0.020000
1001865 133.913320 38.520203 0.020000
1001866 133.974510 25.743593 0.020000
1001867 133.999220 -5.295727 0.020000
1001868 134.009290 -10.410767 0.020000
1001869 134.015710 32.385883 0.020000
1001870 134.028470 12.676833 0.020000
1001871 134.038430 17.402113 0.020000
1001872 134.103960 17.586013 0.020000
1001873 134.130140 43.632903 0.020000
1001874 134.272080 35.311813 0.020000
1001875 134.290090 -3.308007 0.020000
1001876 134.499480 25.948323 0.020000
1001877 134.499840 25.948333 0.020000
1001878 134.595230 -0.591377 0.020000
1001879 134.738280 4.725023 0.020000
1001880 134.801780 -11.079977 0.020000
