1005521 355.853540 42.178183 0.020000
1005522 355.883490 36.803553 0.020000
1005523 356.007640 0.388133 0.020000
1005524 356.053410 7.906553 0.020000
1005525 356.135610 39.914313 0.020000
1005526 356.169030 -0.168017 0.020000
1005527 356.172740 25.322153 0.020000
1005528 356.301940 -15.885507 0.020000
1005529 356.441700 23.267153 0.020000
1005530 356.528400 -12.634317 0.020000
1005531 356.642870 27.429583 0.020000
1005532 356.783440 30.876913 0.020000
1005533 356.847420 7.289183 0.020000
1005534 356.858180 16.561803 0.020000
1005535 357.010810 -16.486707 0.020000
1005536 357.043320 -8.117377 0.020000
1005537 357.061330 18.238773 0.020000
1005538 358.028870 -18.397257 0.020000
1005539 359.344940 -18.419777 0.020000
