1004821 262.512220 48.388513 0.020000
1004822 262.532820 25.945453 0.020000
1004823 262.562640 33.976643 0.020000
1004824 262.698340 55.788263 0.020000
1004825 262.763130 20.642263 0.020000
1004826 262.768550 58.248713 0.020000
1004827 262.786200 28.002323 0.020000
1004828 262.792240 36.461143 0.020000
1004829 262.856000 27.941203 0.020000
1004830 262.926420 43.926113 0.020000
1004831 262.958890 15.082793 0.020000
1004832 263.010940 16.830763 0.020000
1004833 263.188650 9.829533 0.020000
1004834 263.282870 30.142923 0.020000
1004835 263.383170 -4.390557 0.020000
1004836 263.415140 50.407173 0.020000
1004837 263.635470 43.738583 0.020000
1004838 263.695980 37.279213 0.020000
1004839 263.820440 15.819003 0.020000
1004840 263.846730 49.576073 0.020000
