1000341 17.754300 -17.444857 0.020000
1000342 17.771600 22.202703 0.020000
1000343 17.828020 -13.821577 0.020000
1000344 17.893530 28.022713 0.020000
1000345 17.955130 14.673973 0.020000
1000346 17.990000 35.323413 0.020000
1000347 18.209770 32.171533 0.020000
1000348 18.278120 21.914003 0.020000
1000349 18.305840 -0.780167 0.020000
1000350 18.314910 -14.922967 0.020000
1000351 18.317570 -6.481207 0.020000
1000352 18.422860 4.821653 0.020000
1000353 18.471940 29.070773 0.020000
1000354 18.485520 6.634473 0.020000
1000355 18.535210 12.415553 0.020000
1000356 18.544870 5.740243 0.020000
1000357 18.672410 44.512743 0.020000
1000358 18.673820 44.512573 0.020000
1000359 18.685070 25.702913 0.020000
1000360 18.685650 -20.503167 0.020000
