1003241 190.114820 3.598003 0.020000
1003242 190.137390 28.313013 0.020000
1003243 190.137510 28.313033 0.020000
1003244 190.137640 28.313143 0.020000
1003245 190.186830 12.922503 0.020000
1003246 190.200520 13.827573 0.020000
1003247 190.215050 12.174633 0.020000
1003248 190.236950 5.479673 0.020000
1003249 190.241860 30.253743 0.020000
1003250 190.275790 32.841773 0.020000
1003251 190.277040 -16.583377 0.020000
1003252 190.321490 8.527283 0.020000
1003253 190.339850 18.565333 0.020000
1003254 190.383270 33.400893 0.020000
1003255 190.422340 34.708573 0.020000
1003256 190.441830 -12.585817 0.020000
1003257 190.458660 30.061603 0.020000
1003258 190.517950 7.883353 0.020000
1003259 190.554430 46.454173 0.020000
1003260 190.585730 15.227493 0.020000
