1000141 8.265840 31.426473 0.020000
1000142 8.266650 38.051543 0.020000
1000143 8.331410 3.838163 0.020000
1000144 8.393160 21.724073 0.020000
1000145 8.528180 -25.890637 0.020000
1000146 8.628470 30.435063 0.020000
1000147 8.731340 10.110383 0.020000
1000148 8.749850 27.638873 0.020000
1000149 8.797150 23.287523 0.020000
1000150 8.807620 26.781463 0.020000
1000151 8.931400 -1.596817 0.020000
1000152 8.964280 -16.023217 0.020000
1000153 8.985560 10.508363 0.020000
1000154 8.986410 10.508143 0.020000
1000155 9.071260 18.386773 0.020000
1000156 9.149200 21.890513 0.020000
1000157 9.168340 40.895263 0.020000
1000158 9.169730 -3.583297 0.020000
1000159 9.266590 14.236123 0.020000
1000160 9.269880 -6.127557 0.020000
