1005241 338.362870 -18.113377 0.020000
1005242 338.432420 -6.335587 0.020000
1005243 338.535820 12.445653 0.020000
1005244 338.562370 24.031933 0.020000
1005245 338.576980 -3.891697 0.020000
1005246 338.585130 -13.581787 0.020000
1005247 338.589920 12.011823 0.020000
1005248 338.594940 32.251983 0.020000
1005249 338.698890 35.783523 0.020000
1005250 338.714180 8.843913 0.020000
1005251 338.728120 -1.048667 0.020000
1005252 338.728490 -1.048547 0.020000
1005253 338.785210 -1.166557 0.020000
1005254 338.818620 -21.665027 0.020000
1005255 338.993130 -16.065557 0.020000
1005256 339.026170 5.121273 0.020000
1005257 339.074810 -19.298407 0.020000
1005258 339.093580 28.515953 0.020000
1005259 339.142120 -14.522717 0.020000
1005260 339.194660 20.392003 0.020000
