1004381 234.636790 -15.255197 0.020000
1004382 234.696210 30.829233 0.020000
1004383 234.714290 -5.536817 0.020000
1004384 234.851650 28.545823 0.020000
1004385 234.874530 24.468373 0.020000
1004386 234.898860 -15.335007 0.020000
1004387 234.901890 -2.650207 0.020000
1004388 234.926570 -5.311687 0.020000
1004389 234.927440 -5.311717 0.020000
1004390 234.988490 -7.662577 0.020000
1004391 235.026040 15.037063 0.020000
1004392 235.060460 45.440073 0.020000
1004393 235.093590 1.408653 0.020000
1004394 235.094280 32.709443 0.020000
1004395 235.121330 38.621563 0.020000
1004396 235.129960 15.442093 0.020000
1004397 235.169790 19.519063 0.020000
1004398 235.170780 27.002983 0.020000
1004399 235.197740 68.564263 0.020000
1004400 235.198250 -23.688017 0.020000
