1002841 174.870300 17.170713 0.020000
1002842 174.892420 24.475533 0.020000
1002843 174.900060 6.195883 0.020000
1002844 174.957520 26.171823 0.020000
1002845 174.960800 46.005053 0.020000
1002846 175.033880 36.616743 0.020000
1002847 175.041930 30.062703 0.020000
1002848 175.083660 18.356303 0.020000
1002849 175.106100 22.554373 0.020000
1002850 175.276720 26.930223 0.020000
1002851 175.292810 27.449263 0.020000
1002852 175.298100 15.269553 0.020000
1002853 175.343650 -12.365887 0.020000
1002854 175.373730 37.410263 0.020000
1002855 175.434060 -17.196667 0.020000
1002856 175.493050 -8.557827 0.020000
1002857 175.495740 -13.667617 0.020000
1002858 175.531870 25.131013 0.020000
1002859 175.534510 25.127773 0.020000
1002860 175.569460 38.624653 0.020000
