1000261 13.939600 -17.727377 0.020000
1000262 14.024310 26.344363 0.020000
1000263 14.118060 11.884103 0.020000
1000264 14.239820 32.139383 0.020000
1000265 14.284230 -22.654677 0.020000
1000266 14.352810 -0.931007 0.020000
1000267 14.397070 21.112183 0.020000
1000268 14.404650 -5.174347 0.020000
1000269 14.420910 44.550323 0.020000
1000270 14.546220 -1.097447 0.020000
1000271 14.602480 28.584513 0.020000
1000272 14.725480 18.256173 0.020000
1000273 14.794550 27.043543 0.020000
1000274 14.837890 9.641223 0.020000
1000275 14.948620 -2.124997 0.020000
1000276 14.995320 -8.975607 0.020000
1000277 15.003320 3.531403 0.020000
1000278 15.085500 32.442663 0.020000
1000279 15.122020 39.252723 0.020000
1000280 15.279340 -10.277777 0.020000
