1004281 229.988880 22.364833 0.020000
1004282 230.031570 40.832913 0.020000
1004283 230.131360 29.041803 0.020000
1004284 230.157770 4.196593 0.020000
1004285 230.202920 5.043773 0.020000
1004286 230.251220 16.000873 0.020000
1004287 230.346270 55.788643 0.020000
1004288 230.431920 20.533763 0.020000
1004289 230.454210 40.857783 0.020000
1004290 230.486960 2.934513 0.020000
1004291 230.494840 26.239773 0.020000
1004292 230.527420 18.658683 0.020000
1004293 230.676230 30.402213 0.020000
1004294 230.757070 7.228123 0.020000
1004295 230.826900 18.326063 0.020000
1004296 230.841020 2.350273 0.020000
1004297 230.887760 9.390193 0.020000
1004298 230.921990 18.890233 0.020000
1004299 230.961330 17.494123 0.020000
1004300 230.961650 17.494903 0.020000
