1001061 54.673710 32.621823 0.020000
1001062 54.753600 23.823483 0.020000
1001063 54.780970 -6.788007 0.020000
1001064 54.821360 26.588213 0.020000
1001065 54.949090 -11.190287 0.020000
1001066 54.958110 10.205913 0.020000
1001067 54.977160 10.341063 0.020000
1001068 54.997950 22.476813 0.020000
1001069 55.033720 -21.386237 0.020000
1001070 55.042330 39.245923 0.020000
1001071 55.087860 -3.800287 0.020000
1001072 55.135690 -2.881537 0.020000
1001073 55.181060 1.092613 0.020000
1001074 55.204210 -22.015457 0.020000
1001075 55.227930 12.805913 0.020000
1001076 55.246330 -3.813037 0.020000
1001077 55.258580 9.623263 0.020000
1001078 55.294450 -9.563017 0.020000
1001079 55.501070 -12.252837 0.020000
1001080 55.526550 32.652073 0.020000
