1001181 61.236900 8.710913 0.020000
1001182 61.405780 14.562953 0.020000
1001183 61.420390 -1.583927 0.020000
1001184 61.469110 27.821613 0.020000
1001185 61.621310 18.352433 0.020000
1001186 61.622970 14.903853 0.020000
1001187 61.628260 -11.295647 0.020000
1001188 61.651330 29.435943 0.020000
1001189 61.656660 -24.880677 0.020000
1001190 61.749230 0.912193 0.020000
1001191 61.925710 35.509963 0.020000
1001192 62.060370 -6.312457 0.020000
1001193 62.091210 14.287693 0.020000
1001194 62.222140 0.337083 0.020000
1001195 62.336570 33.634133 0.020000
1001196 62.444110 -3.967617 0.020000
1001197 62.617270 -18.126617 0.020000
1001198 62.749290 42.302563 0.020000
1001199 62.857300 -15.356597 0.020000
1001200 62.890090 -9.091507 0.020000
