1002081 144.693210 19.626203 0.020000
1002082 144.798400 30.261523 0.020000
1002083 144.829680 -17.493187 0.020000
1002084 144.941760 6.902753 0.020000
1002085 144.957940 7.096623 0.020000
1002086 144.967100 14.525913 0.020000
1002087 144.973750 42.981293 0.020000
1002088 144.982610 69.979253 0.020000
1002089 145.231010 1.302293 0.020000
1002090 145.371540 65.226223 0.020000
1002091 145.373600 65.225573 0.020000
1002092 145.456250 46.134553 0.020000
1002093 145.560580 11.718903 0.020000
1002094 145.589460 -7.964697 0.020000
1002095 145.609990 41.819743 0.020000
1002096 145.625330 25.494443 0.020000
1002097 145.717840 -19.581157 0.020000
1002098 145.771360 45.986093 0.020000
1002099 145.857130 -6.859977 0.020000
1002100 145.857830 52.057993 0.020000
