1002301 154.533170 30.848663 0.020000
1002302 154.537840 10.080953 0.020000
1002303 154.554940 49.024543 0.020000
1002304 154.583980 28.293383 0.020000
1002305 154.588980 26.864573 0.020000
1002306 154.674620 65.231703 0.020000
1002307 154.741690 10.640693 0.020000
1002308 154.817690 59.161603 0.020000
1002309 154.892780 14.484663 0.020000
1002310 154.894350 39.046603 0.020000
1002311 154.937120 -0.242617 0.020000
1002312 154.937320 -0.242467 0.020000
1002313 154.944860 28.524773 0.020000
1002314 154.946950 33.998393 0.020000
1002315 154.977280 18.479993 0.020000
1002316 155.110690 53.109213 0.020000
1002317 155.135810 7.033413 0.020000
1002318 155.329600 -1.842617 0.020000
1002319 155.337450 52.831103 0.020000
1002320 155.363000 31.416603 0.020000
