1001041 53.303320 31.389913 0.020000
1001042 53.338640 -15.654477 0.020000
1001043 53.470150 33.378953 0.020000
1001044 53.486970 33.397753 0.020000
1001045 53.619660 -15.555947 0.020000
1001046 53.639240 18.111193 0.020000
1001047 53.707550 -7.146567 0.020000
1001048 53.740010 3.003873 0.020000
1001049 53.750440 16.160803 0.020000
1001050 53.820530 -2.068617 0.020000
1001051 53.982470 19.221963 0.020000
1001052 54.014700 1.134433 0.020000
1001053 54.040140 14.738663 0.020000
1001054 54.107050 32.170463 0.020000
1001055 54.295620 -6.816437 0.020000
1001056 54.305280 10.553203 0.020000
1001057 54.497360 -24.534777 0.020000
1001058 54.622120 13.070983 0.020000
1001059 54.664680 6.593703 0.020000
1001060 54.670980 10.340893 0.020000
