1001261 67.987240 3.839783 0.020000
1001262 68.119620 31.239533 0.020000
1001263 68.218330 30.848553 0.020000
1001264 68.221580 29.834703 0.020000
1001265 68.443390 -7.509017 0.020000
1001266 68.666580 21.161013 0.020000
1001267 68.685160 3.137783 0.020000
1001268 68.824050 0.528013 0.020000
1001269 68.900200 21.284353 0.020000
1001270 68.945250 9.176893 0.020000
1001271 69.046040 -5.048097 0.020000
1001272 69.172850 21.393353 0.020000
1001273 69.229980 -0.326567 0.020000
1001274 69.425340 0.546623 0.020000
1001275 69.440080 21.227083 0.020000
1001276 69.443520 -19.064657 0.020000
1001277 69.448280 -8.791447 0.020000
1001278 69.448500 -8.792317 0.020000
1001279 69.448570 -8.793157 0.020000
1001280 69.495010 37.082963 0.020000
