1003041 183.411290 10.924423 0.020000
1003042 183.441610 48.772033 0.020000
1003043 183.592330 33.952643 0.020000
1003044 183.613270 -13.556297 0.020000
1003045 183.623590 17.946523 0.020000
1003046 183.652680 42.234123 0.020000
1003047 183.669350 41.855433 0.020000
1003048 183.670980 27.284753 0.020000
1003049 183.682160 43.647723 0.020000
1003050 183.730930 -4.385437 0.020000
1003051 183.759850 18.297813 0.020000
1003052 183.786870 35.170463 0.020000
1003053 183.809280 25.866313 0.020000
1003054 183.877600 26.135433 0.020000
1003055 183.912930 3.636903 0.020000
1003056 183.929840 62.771723 0.020000
1003057 183.933970 21.398183 0.020000
1003058 183.939800 29.337103 0.020000
1003059 183.967030 3.927393 0.020000
1003060 183.971720 45.130923 0.020000
