1005461 352.550450 -24.770947 0.020000
1005462 352.605190 6.083913 0.020000
1005463 352.632690 40.635073 0.020000
1005464 352.646210 30.767473 0.020000
1005465 352.679930 -2.037577 0.020000
1005466 352.689530 -12.777347 0.020000
1005467 352.696300 17.902193 0.020000
1005468 352.716020 6.526373 0.020000
1005469 352.829890 36.391553 0.020000
1005470 352.884330 27.367693 0.020000
1005471 352.948070 -4.552637 0.020000
1005472 353.048160 -14.973787 0.020000
1005473 353.135580 39.254233 0.020000
1005474 353.196560 -9.700897 0.020000
1005475 353.304180 -15.928977 0.020000
1005476 353.365550 4.542983 0.020000
1005477 353.367810 33.116633 0.020000
1005478 353.380180 40.399403 0.020000
1005479 353.543360 8.903893 0.020000
1005480 353.596660 39.272993 0.020000
