1004961 312.528850 -3.805907 0.020000
1004962 312.939420 7.918023 0.020000
1004963 312.942700 -3.940967 0.020000
1004964 312.955910 -11.222867 0.020000
1004965 313.217750 -6.211347 0.020000
1004966 313.219830 -2.631337 0.020000
1004967 313.534010 -19.640697 0.020000
1004968 313.789870 -5.546347 0.020000
1004969 313.909380 -14.033557 0.020000
1004970 313.910240 -14.033807 0.020000
1004971 313.911070 -14.034077 0.020000
1004972 314.157160 3.011783 0.020000
1004973 314.272080 -7.373917 0.020000
1004974 314.406530 -14.435157 0.020000
1004975 314.424780 -19.544757 0.020000
1004976 314.533320 -0.798987 0.020000
1004977 314.586090 -13.589767 0.020000
1004978 314.608680 -4.820967 0.020000
1004979 314.716440 -2.940627 0.020000
1004980 314.759140 8.703333 0.020000
