1004321 231.840400 19.497063 0.020000
1004322 231.877910 18.324233 0.020000
1004323 231.903150 16.768323 0.020000
1004324 231.944540 21.278313 0.020000
1004325 231.950200 35.653713 0.020000
1004326 231.958220 8.768753 0.020000
1004327 231.973920 18.955143 0.020000
1004328 232.032760 46.041653 0.020000
1004329 232.041090 44.229733 0.020000
1004330 232.054280 16.752613 0.020000
1004331 232.217490 17.065683 0.020000
1004332 232.241150 3.853273 0.020000
1004333 232.276550 -0.482657 0.020000
1004334 232.299120 24.091383 0.020000
1004335 232.435810 42.911013 0.020000
1004336 232.505830 24.908073 0.020000
1004337 232.508560 -3.502797 0.020000
1004338 232.537220 -1.937057 0.020000
1004339 232.562620 9.862893 0.020000
1004340 232.598520 22.146173 0.020000
