1002381 157.574900 8.096523 0.020000
1002382 157.689020 11.175153 0.020000
1002383 157.732160 -11.642907 0.020000
1002384 157.736190 49.778703 0.020000
1002385 157.856780 -15.916727 0.020000
1002386 157.918580 37.805103 0.020000
1002387 157.949980 8.906803 0.020000
1002388 157.990980 29.130843 0.020000
1002389 158.142410 5.258703 0.020000
1002390 158.196940 23.641223 0.020000
1002391 158.321880 7.388533 0.020000
1002392 158.369350 55.862903 0.020000
1002393 158.391900 7.224023 0.020000
1002394 158.447750 -8.118917 0.020000
1002395 158.453030 2.097133 0.020000
1002396 158.464290 60.885413 0.020000
1002397 158.474160 -3.323717 0.020000
1002398 158.517950 38.575113 0.020000
1002399 158.639960 3.785553 0.020000
1002400 158.689890 22.998213 0.020000
