1000741 37.084840 10.417763 0.020000
1000742 37.116090 5.181983 0.020000
1000743 37.241450 14.979583 0.020000
1000744 37.304760 3.427643 0.020000
1000745 37.344590 -7.542277 0.020000
1000746 37.418010 -3.072337 0.020000
1000747 37.769710 25.090503 0.020000
1000748 37.859460 7.542203 0.020000
1000749 38.048640 30.643333 0.020000
1000750 38.062270 -2.578157 0.020000
1000751 38.070090 -3.461667 0.020000
1000752 38.076910 21.441193 0.020000
1000753 38.114920 30.047463 0.020000
1000754 38.120050 13.168693 0.020000
1000755 38.235160 8.118953 0.020000
1000756 38.260990 18.839443 0.020000
1000757 38.300700 -2.009697 0.020000
1000758 38.317780 19.290273 0.020000
1000759 38.402180 -27.135467 0.020000
1000760 38.440890 -2.389887 0.020000
