1000621 30.437100 0.660703 0.020000
1000622 30.528620 14.613063 0.020000
1000623 30.531470 -9.674607 0.020000
1000624 30.601010 12.310343 0.020000
1000625 30.602140 14.756903 0.020000
1000626 30.658210 29.561513 0.020000
1000627 30.728530 40.651103 0.020000
1000628 30.832980 -7.706067 0.020000
1000629 30.850490 -3.979507 0.020000
1000630 30.882810 29.315323 0.020000
1000631 30.934470 30.743933 0.020000
1000632 30.966270 10.372293 0.020000
1000633 31.004450 43.725763 0.020000
1000634 31.018890 19.563333 0.020000
1000635 31.111750 -1.851757 0.020000
1000636 31.156040 21.619513 0.020000
1000637 31.193380 -0.088457 0.020000
1000638 31.302270 -5.263397 0.020000
1000639 31.305480 6.135823 0.020000
1000640 31.324610 0.132113 0.020000
