1003561 201.411890 25.992753 0.020000
1003562 201.498710 -1.974187 0.020000
1003563 201.501830 4.127343 0.020000
1003564 201.527210 17.174093 0.020000
1003565 201.552250 39.819943 0.020000
1003566 201.561160 16.077103 0.020000
1003567 201.583730 -10.488927 0.020000
1003568 201.612520 -9.488867 0.020000
1003569 201.758520 -1.720197 0.020000
1003570 201.784920 28.472143 0.020000
1003571 201.802220 12.580933 0.020000
1003572 201.921090 -11.180997 0.020000
1003573 201.921530 22.166663 0.020000
1003574 201.944770 -19.474027 0.020000
1003575 202.004490 25.632033 0.020000
1003576 202.013340 8.973003 0.020000
1003577 202.090600 -12.609737 0.020000
1003578 202.193630 25.312273 0.020000
1003579 202.201660 20.587973 0.020000
1003580 202.226710 17.755053 0.020000
