1003121 185.879720 65.400163 0.020000
1003122 185.950970 6.066763 0.020000
1003123 185.952760 12.073693 0.020000
1003124 185.978630 -27.928537 0.020000
1003125 186.070930 18.958143 0.020000
1003126 186.106730 -4.696287 0.020000
1003127 186.107500 -4.695857 0.020000
1003128 186.107530 -4.695867 0.020000
1003129 186.199320 32.148593 0.020000
1003130 186.213150 24.617463 0.020000
1003131 186.226900 21.412893 0.020000
1003132 186.250200 40.313193 0.020000
1003133 186.312640 6.790623 0.020000
1003134 186.316290 12.920113 0.020000
1003135 186.379680 -15.961577 0.020000
1003136 186.601160 -0.681467 0.020000
1003137 186.605960 -11.517577 0.020000
1003138 186.616360 12.127183 0.020000
1003139 186.617510 -8.078647 0.020000
1003140 186.621830 31.260543 0.020000
