1003861 212.245860 25.869763 0.020000
1003862 212.248980 7.961043 0.020000
1003863 212.313720 -1.148537 0.020000
1003864 212.316540 -7.078577 0.020000
1003865 212.394920 0.821733 0.020000
1003866 212.439050 40.463383 0.020000
1003867 212.479940 17.565403 0.020000
1003868 212.495170 17.781913 0.020000
1003869 212.495420 17.796823 0.020000
1003870 212.509210 -12.769097 0.020000
1003871 212.577110 16.927443 0.020000
1003872 212.685710 -10.126457 0.020000
1003873 212.757240 24.038863 0.020000
1003874 212.768390 25.547203 0.020000
1003875 212.768740 1.231413 0.020000
1003876 212.817810 39.643673 0.020000
1003877 212.823220 -7.714027 0.020000
1003878 212.857060 52.856873 0.020000
1003879 212.869000 11.093073 0.020000
1003880 212.887670 2.405923 0.020000
