1004981 314.887190 -9.237807 0.020000
1004982 315.066750 -2.682767 0.020000
1004983 315.078210 -6.081867 0.020000
1004984 315.143130 5.943353 0.020000
1004985 315.183100 -0.836587 0.020000
1004986 315.271950 -18.580637 0.020000
1004987 315.274030 3.151003 0.020000
1004988 315.336710 -11.020887 0.020000
1004989 315.523710 3.009553 0.020000
1004990 315.536380 4.162273 0.020000
1004991 316.015430 -9.118617 0.020000
1004992 316.222050 -4.852657 0.020000
1004993 316.564310 -4.120987 0.020000
1004994 316.601500 -16.007157 0.020000
1004995 316.654210 -26.339437 0.020000
1004996 316.710660 11.080563 0.020000
1004997 316.768890 1.771073 0.020000
1004998 316.992220 -5.261347 0.020000
1004999 316.992250 -5.261417 0.020000
1005000 317.085920 -13.785917 0.020000
