1001361 75.875610 20.180043 0.020000
1001362 75.896400 1.604933 0.020000
1001363 76.217610 22.209463 0.020000
1001364 76.262840 22.458463 0.020000
1001365 76.301590 30.755303 0.020000
1001366 76.301910 30.754873 0.020000
1001367 76.355990 22.319823 0.020000
1001368 76.361840 8.604033 0.020000
1001369 76.469400 -17.342437 0.020000
1001370 76.615080 32.845533 0.020000
1001371 76.746840 -16.958877 0.020000
1001372 76.817620 12.920623 0.020000
1001373 76.907830 7.290163 0.020000
1001374 76.936250 -8.832367 0.020000
1001375 76.972920 27.883013 0.020000
1001376 77.198150 -9.546387 0.020000
1001377 77.408430 5.522163 0.020000
1001378 77.430010 21.524693 0.020000
1001379 77.464170 8.825663 0.020000
1001380 77.509750 18.044973 0.020000
