1001221 64.948570 35.496993 0.020000
1001222 65.023670 24.851203 0.020000
1001223 65.283150 27.072173 0.020000
1001224 65.291620 13.501233 0.020000
1001225 65.363590 1.520243 0.020000
1001226 65.370780 3.127493 0.020000
1001227 65.425580 34.091243 0.020000
1001228 65.464180 30.727533 0.020000
1001229 65.557240 10.501313 0.020000
1001230 65.574480 33.737523 0.020000
1001231 65.622010 16.275023 0.020000
1001232 65.642900 39.042783 0.020000
1001233 65.658740 -13.325127 0.020000
1001234 66.024300 28.052353 0.020000
1001235 66.127470 29.478523 0.020000
1001236 66.142330 0.271903 0.020000
1001237 66.205460 -18.624707 0.020000
1001238 66.300630 0.809773 0.020000
1001239 66.393660 -7.497987 0.020000
1001240 66.412170 -6.847377 0.020000
