1005061 323.289300 15.867863 0.020000
1005062 323.420390 -18.507227 0.020000
1005063 323.547470 -10.669927 0.020000
1005064 323.600050 -7.952947 0.020000
1005065 323.634600 -1.311137 0.020000
1005066 323.721540 -3.454537 0.020000
1005067 323.754060 -0.479947 0.020000
1005068 323.831850 23.795483 0.020000
1005069 323.978340 23.645583 0.020000
1005070 324.011010 11.635403 0.020000
1005071 324.024870 15.860733 0.020000
1005072 324.124410 -25.196737 0.020000
1005073 324.209550 -2.435547 0.020000
1005074 324.241100 -5.486017 0.020000
1005075 324.257690 7.279393 0.020000
1005076 324.353930 -0.204547 0.020000
1005077 324.623090 -0.261667 0.020000
1005078 324.894660 -8.328067 0.020000
1005079 324.906570 -2.620187 0.020000
1005080 324.946310 17.149463 0.020000
