1002521 162.845060 67.457733 0.020000
1002522 162.893250 14.430023 0.020000
1002523 162.909720 -11.089377 0.020000
1002524 162.954260 27.645273 0.020000
1002525 162.971960 33.735523 0.020000
1002526 163.003180 33.370863 0.020000
1002527 163.025270 -13.539937 0.020000
1002528 163.035860 6.140593 0.020000
1002529 163.049660 -7.956147 0.020000
1002530 163.063600 -6.690687 0.020000
1002531 163.139230 41.111503 0.020000
1002532 163.253380 -7.915537 0.020000
1002533 163.291750 50.599403 0.020000
1002534 163.344210 16.809683 0.020000
1002535 163.501060 30.633773 0.020000
1002536 163.501600 18.512143 0.020000
1002537 163.529790 1.076603 0.020000
1002538 163.565700 17.120573 0.020000
1002539 163.591030 35.661893 0.020000
1002540 163.609180 5.072743 0.020000
