1001381 77.545860 -3.440687 0.020000
1001382 77.583850 9.410233 0.020000
1001383 77.732250 -10.366997 0.020000
1001384 77.837250 11.612033 0.020000
1001385 78.277410 -26.297767 0.020000
1001386 78.474170 6.256983 0.020000
1001387 78.498450 30.149153 0.020000
1001388 78.513940 13.318713 0.020000
1001389 78.582800 1.222463 0.020000
1001390 78.720640 60.553863 0.020000
1001391 78.738830 -13.097397 0.020000
1001392 78.738970 -13.097157 0.020000
1001393 78.740600 8.617483 0.020000
1001394 78.813590 22.696183 0.020000
1001395 78.911570 21.092803 0.020000
1001396 78.952610 30.543243 0.020000
1001397 79.168740 6.831573 0.020000
1001398 79.459140 0.937563 0.020000
1001399 79.560560 -2.717437 0.020000
1001400 79.631000 -24.032957 0.020000
