1002461 160.755840 -9.177007 0.020000
1002462 160.806380 -9.864567 0.020000
1002463 160.825900 31.620183 0.020000
1002464 160.840990 -11.587297 0.020000
1002465 160.846290 1.611803 0.020000
1002466 160.973930 11.704843 0.020000
1002467 160.980320 49.519313 0.020000
1002468 161.047610 21.251963 0.020000
1002469 161.279920 40.836253 0.020000
1002470 161.312030 14.375903 0.020000
1002471 161.329770 39.129933 0.020000
1002472 161.335990 23.074783 0.020000
1002473 161.342400 10.988063 0.020000
1002474 161.350960 8.118703 0.020000
1002475 161.377220 -18.823487 0.020000
1002476 161.378630 43.460433 0.020000
1002477 161.416050 23.316633 0.020000
1002478 161.478250 17.827713 0.020000
1002479 161.488510 59.107783 0.020000
1002480 161.489890 59.108573 0.020000
