1003581 202.243750 15.299633 0.020000
1003582 202.258390 13.150053 0.020000
1003583 202.283320 26.773383 0.020000
1003584 202.313810 15.338673 0.020000
1003585 202.326960 -12.239537 0.020000
1003586 202.440870 25.863293 0.020000
1003587 202.444820 0.898853 0.020000
1003588 202.468470 18.891313 0.020000
1003589 202.506560 -8.675917 0.020000
1003590 202.507390 -8.675757 0.020000
1003591 202.521180 47.203033 0.020000
1003592 202.529930 -21.424457 0.020000
1003593 202.551970 -8.543627 0.020000
1003594 202.552810 -8.543407 0.020000
1003595 202.561170 12.279483 0.020000
1003596 202.627260 19.187563 0.020000
1003597 202.627530 19.188403 0.020000
1003598 202.664750 34.671443 0.020000
1003599 202.686990 32.795053 0.020000
1003600 202.721520 33.416183 0.020000
