1002001 140.559260 -3.581907 0.020000
1002002 140.612710 28.439103 0.020000
1002003 140.703280 -4.373957 0.020000
1002004 140.706550 -14.770677 0.020000
1002005 140.707320 29.523823 0.020000
1002006 140.719230 22.021173 0.020000
1002007 140.880530 41.457753 0.020000
1002008 140.922580 50.436433 0.020000
1002009 140.948950 8.863703 0.020000
1002010 140.973010 39.010213 0.020000
1002011 140.981360 23.847683 0.020000
1002012 140.993120 62.833343 0.020000
1002013 141.001170 1.493983 0.020000
1002014 141.114200 10.085923 0.020000
1002015 141.136980 30.282883 0.020000
1002016 141.177280 13.280633 0.020000
1002017 141.212720 21.677433 0.020000
1002018 141.319000 55.616423 0.020000
1002019 141.352110 -7.302707 0.020000
1002020 141.415800 9.316043 0.020000
