1001741 126.168630 27.553443 0.020000
1001742 126.238510 7.154183 0.020000
1001743 126.388310 12.060433 0.020000
1001744 126.453630 7.954213 0.020000
1001745 126.453640 49.591543 0.020000
1001746 126.460340 22.044803 0.020000
1001747 126.515490 11.672553 0.020000
1001748 126.640450 33.145863 0.020000
1001749 126.652540 25.773363 0.020000
1001750 126.704850 20.408833 0.020000
1001751 126.727850 -0.092477 0.020000
1001752 126.760050 -2.009437 0.020000
1001753 126.853970 42.426783 0.020000
1001754 126.973750 12.300103 0.020000
1001755 127.071500 30.448373 0.020000
1001756 127.090640 10.929023 0.020000
1001757 127.115960 34.488043 0.020000
1001758 127.199100 29.541903 0.020000
1001759 127.242520 -0.553427 0.020000
1001760 127.285030 48.477563 0.020000
