1002501 162.134610 26.621653 0.020000
1002502 162.205260 -20.230447 0.020000
1002503 162.236930 51.490043 0.020000
1002504 162.242630 6.899053 0.020000
1002505 162.257420 -7.377777 0.020000
1002506 162.300210 51.480703 0.020000
1002507 162.310400 21.128963 0.020000
1002508 162.310580 21.129123 0.020000
1002509 162.367810 57.113233 0.020000
1002510 162.419900 3.324933 0.020000
1002511 162.420940 13.452333 0.020000
1002512 162.443170 14.527473 0.020000
1002513 162.555770 31.948073 0.020000
1002514 162.608090 33.503653 0.020000
1002515 162.608260 50.225763 0.020000
1002516 162.609860 18.515913 0.020000
1002517 162.623120 20.861333 0.020000
1002518 162.684160 28.046943 0.020000
1002519 162.822840 21.395773 0.020000
1002520 162.841970 8.611863 0.020000
