1002481 161.491030 59.109433 0.020000
1002482 161.512910 32.321843 0.020000
1002483 161.645980 9.997583 0.020000
1002484 161.672970 -4.499737 0.020000
1002485 161.677090 3.237713 0.020000
1002486 161.689130 -12.257367 0.020000
1002487 161.711770 -7.778607 0.020000
1002488 161.778390 0.527003 0.020000
1002489 161.795530 16.121423 0.020000
1002490 161.850510 57.443033 0.020000
1002491 161.923770 2.337603 0.020000
1002492 161.961100 31.829593 0.020000
1002493 162.037100 9.743593 0.020000
1002494 162.054630 -11.307887 0.020000
1002495 162.055010 -11.308787 0.020000
1002496 162.055310 -11.309607 0.020000
1002497 162.073600 20.830913 0.020000
1002498 162.080430 24.154203 0.020000
1002499 162.084550 2.026573 0.020000
1002500 162.129050 21.956613 0.020000
